-0.02683700846354463 0.6468912988338461
-0.009300243548496701 0.6572226603575886
-0.012871404327175037 0.6401609302850934
-0.017303589473359887 0.2950159598833848
8.313566600502753E-4 0.6626653740479133
-0.005146731143637303 0.6551727954985231
0.001363542386466866 0.30480829378066976
0.011687621998805853 0.9621742767379083
0.01059557476233792 0.6747073365938072
0.012980148038817599 0.6727721155898797
0.014049336504651832 0.3333830280124376
0.018216180581003275 0.32491492880507605
0.022005199886697215 0.674631089312581
0.02074503971363114 0.3433011707016136
0.027104657644964916 0.34199306658044554
0.03973166279962788 0.9467087767527091
0.04175069896816704 0.6956267734003425
0.036791517186178 0.35641602953691165
0.028365042895058007 0.34287845400664657
0.042534976972290355 0.08399226247590043
0.0480385261250178 0.9447239320682612
0.04852426414481007 0.7054967893511723
0.04477275010753916 0.6978941608156621
0.04773845693046531 0.3745442566548821
0.04776450064670121 0.3610632118779046
0.048496756154219334 0.08126351432904887
0.06171157974464994 0.9257704131455846
0.06041345888220958 0.714645730467741
0.06630125189385695 0.7077192184493348
0.06415543664488309 0.40330301537078156
0.0625124567605809 0.38485434568264965
0.05808952426912731 0.37390790564243187
0.05828854497527501 0.086181919352912
0.07129756021411919 0.924934992052174
0.06506489542702108 0.9084435386659815
0.07405247632157003 0.7285866322916531
0.07541898652962767 0.7122290068415612
0.07282258598492418 0.40733110509803727
0.07416153141130209 0.3892832498253727
0.07449045047231241 0.3770236633480665
0.07097548508916326 0.0848617023320711
0.06938478460286064 0.07715409862794179
0.07957681565442745 0.9191940991056352
0.08713763602949218 0.7326650897185358
0.09441976120336568 0.7227075558626695
0.08871861021622539 0.42382985648711086
0.08130450231071067 0.4060338837571401
0.08437170036609427 0.3969750665252305
0.0807683648887789 0.08007775261309912
0.09346115203575099 0.9027577303263621
0.09947633504256026 0.7542282500973356
0.09528951902003191 0.7483157556266999
0.09392281189563771 0.4454543548209292
0.09545171648491406 0.4250685420948168
0.09565903916448326 0.4206392638154327
0.0986358756504799 0.4062084571467718
0.09407545628122943 0.07553781491153014
0.09584481499617807 0.06297400409205631
0.10962114057400689 0.906151284487411
0.10481682455587824 0.882099887638422
0.11794858304665023 0.777231971495267
0.11158480982420521 0.7667862031250715
0.10907260145248422 0.7462917848056099
0.10647691762399067 0.46370770075361156
0.1142424488306485 0.45018687907183513
0.10541828710190748 0.4305582517729272
0.1092109197971732 0.07407946868103996
0.11116449155604383 0.06265895559078673
0.10854445061093893 0.05229630640624119
0.12323338745770428 0.8859456127609057
0.11585867035927684 0.8764501218547829
0.1277691311989431 0.7883780379066331
0.1248577609131463 0.778346336569581
0.12271821474751715 0.7676536362260568
0.12426740381163263 0.4851645670553258
0.12088455766893377 0.46620878682224537
0.12206511408372267 0.45642025384525386
0.11855956713437614 0.4438070169373392
0.12354152407664788 0.07653525134736132
0.12418283661138259 0.06511030678122696
0.12351673173175388 0.04387310012882263
0.12075532536671725 0.03427455204741167
0.1372386673455093 0.881468871840219
0.13820561487675 0.8665773647748015
0.13320363312257805 0.8438926677709578
0.14193559501592262 0.798975628006883
0.1453787483492115 0.7938537152669628
0.13869358374748 0.7785180486228651
0.1395988578334099 0.7730355114922385
0.13343486831917264 0.5030027423935625
0.13506143600028697 0.4927022156934652
0.13782691134562003 0.48370138044396993
0.1333963493782069 0.4693473496911807
0.13416667286653838 0.4612629080198646
0.13713700734956125 0.07638634723800179
0.135420923670456 0.06299873903478108
0.14436633841794333 0.044427220929154396
0.13835893860278028 0.03159215914398066
0.13335090685392387 0.026249917652758307
0.14996739680387808 0.8576541912604311
0.14784385778461048 0.8496752877583972
0.14713454658670738 0.8376758356561532
0.14619947648107182 0.8160457363595005
0.15213365056350472 0.7934604600494034
0.15213143438357046 0.7878916926174585
0.1501291299872352 0.7799003862047449
0.14062136006562306 0.5375725061648645
0.14713660304852513 0.5170517083767272
0.1484015523172408 0.5037379839156779
0.14646101908213313 0.4948867868627991
0.13970197297110487 0.4803501150199503
0.1503618870238585 0.47371190545183833
0.14227195317190913 0.09345748395110408
0.14629323942701083 0.07596701437356315
0.14587720854546146 0.06187768925569444
0.14324915080319317 0.05015590098657166
0.1481764255153373 0.034330986328062245
0.1426325677564891 0.01954957471990164
0.14612292228709556 0.019608073915628736
0.15038105662804577 -0.004523755524665391
0.15525421754402985 0.8518576064173659
0.15505868048514565 0.835741363012059
0.17015253637956854 0.8241050608134973
0.15655916113153773 0.8182251421756231
0.15624506795046395 0.8010859051272871
0.15831896863245978 0.7861159850116514
0.16518939399135613 0.5463161946365324
0.16128677252110335 0.5308041714111493
0.15767685766706796 0.5169177652564094
0.16560740439602947 0.5046680347587944
0.16020595110902613 0.49350625164700723
0.1668976785867146 0.08594017311991367
0.16704321629458047 0.07199482061556119
0.16109329546313605 0.06213450688413644
0.1589556464364469 0.050614721434945935
0.15947367878724414 0.03777829931637617
0.1617026501053821 0.027065457250173255
0.16069089152640303 0.01064931831557996
0.16962998282290656 0.8540078939628614
0.17294632219917594 0.8421887016288232
0.1749909678237915 0.8268165330305599
0.17391378192441787 0.8093521676457851
0.1763904709043474 0.8011763291769766
0.16993938592664676 0.7887158234943531
0.16443022290114534 0.5667512501581783
0.17307736610037394 0.5586805916135663
0.16854709825814732 0.5429997742847685
0.1735258944308788 0.5349103847360759
0.18137162897302453 0.5164888670512258
0.17848331170544296 0.09870571106722938
0.17658542278481598 0.08773991911633464
0.1680935720536711 0.07731096290730026
0.1719731368813453 0.06341127531344162
0.17166483357239629 0.04647689116449187
0.17051823203527686 0.035251993653245974
0.16812243785797834 0.027409160051035334
0.19145974993335366 0.865071363855423
0.18834188225680248 0.8496504895037
0.1838443310839496 0.8399286039248757
0.18775151380779348 0.8285997677296051
0.18791519609579732 0.8269812117779991
0.1783197960106827 0.7985336599608178
0.1860172537062434 0.7829330208109382
0.1837543341166143 0.7782874910078191
0.1827951401594044 0.7638304446631933
0.18044549392056358 0.6032916464907478
0.18752349211467761 0.5857107178084728
0.1893979156770896 0.589877575262317
0.18620716142341404 0.5691330911672323
0.191598995240782 0.55076433189148
0.18230049928785955 0.5438526305790139
0.19153169212496587 0.5322102887967138
0.18795770973253842 0.10917200655526871
0.17922352891588944 0.1097507361767372
0.18595371093604898 0.09304030811931344
0.18605949870515642 0.07808870929047271
0.1878375864633617 0.056090993519381585
0.18676825435781624 0.048864364012058556
0.19251320878999623 0.03713468712676544
0.19918034783632418 0.8753613996121236
0.19172491065360664 0.8657340332080906
0.20127630064065768 0.8504567069215436
0.2036123681593742 0.8392078836975995
0.20196842238515278 0.8289629305900759
0.1936629037150517 0.8052935916057444
0.19659318200767278 0.789918870600365
0.19885709257893958 0.7753390408334689
0.19457641565935155 0.7707068222397234
0.20083454602115214 0.7581477762755782
0.20424191599835076 0.7403833697919069
0.19869965937076628 0.7221637027590231
0.19935804126713547 0.6334223647174924
0.19023134672114986 0.61567330874723
0.20260697248611229 0.6087858903431926
0.19386389498769085 0.5962348216683867
0.19751386013635566 0.577617684880521
0.1950894042924592 0.5725967211450581
0.19712405448695525 0.5530117605922454
0.19969049419470722 0.1402828452010348
0.19142985498229068 0.12034101236604196
0.19703059388835298 0.11627252599582891
0.19168656293982891 0.10570332880185626
0.19698592508183313 0.08648792784176379
0.19428797951910232 0.07480525041575609
0.19631412281367186 0.06170167403530127
0.19496981423391455 0.05132144238766192
0.2137503581047588 0.905538038688128
0.21165502411618511 0.8865862406581068
0.2038334233019397 0.8764916693851434
0.2061937157076358 0.865355817063674
0.21141770980987915 0.8533362506124147
0.2096634275070086 0.8316040946216277
0.21004739357697333 0.7720670142454282
0.21079767043957326 0.7635046539451288
0.20725098679322115 0.7522047066058013
0.20805782618067312 0.7407950902754676
0.21557201718654784 0.730745980531368
0.20818525917342948 0.7141102124721525
0.2126321934299878 0.7053436270075606
0.21060106750134344 0.6917657576582273
0.21582825382605203 0.6605863104843616
0.20975182057268232 0.6379080717941092
0.21324590947963176 0.6339297692614226
0.21538490860973808 0.6101344970717213
0.2083658342712166 0.6048625998936077
0.2113762057987702 0.588194608236068
0.212388713318513 0.170099781245683
0.21217366094734036 0.1610262130980876
0.21012556503581298 0.15761802596922922
0.2190660027480119 0.12849164319837542
0.21271235009362813 0.12422776721113167
0.20408095003821433 0.11080400406669941
0.20912945089365753 0.09951179031122609
0.20941515756359408 0.08042668391246832
0.20684662926698305 0.07519090048988011
0.21305530946006715 0.05710676190106807
0.22288707611000982 0.9113443399963849
0.22309754739367477 0.8960710466090558
0.2213192720793015 0.8919491993507859
0.2233496988482036 0.8771682904262899
0.22626906399395627 0.8602027505370231
0.22511627887589358 0.751751678336327
0.2171558892561696 0.7471270124311942
0.2244081137769176 0.7325622715239991
0.2197317363605082 0.7195717766799532
0.22017071973487914 0.6967633093401355
0.22657910338596235 0.690802548196004
0.22583641203980034 0.6791354824392289
0.22072048412558096 0.6667546262584163
0.22789885285106945 0.6572682460787143
0.21886664730586186 0.6422951076266156
0.2233711145804667 0.6277341840700904
0.22377782425729323 0.6095707203247547
0.22534757897524468 0.6029271171808649
0.23271460229673332 0.5924501627108729
0.2173420107111715 0.22851110504054778
0.22247627283080812 0.21825118877649097
0.2194458569651892 0.20301622559609972
0.22432535028327713 0.19824769667469666
0.2252450234317521 0.1833632306144444
0.22496801619012327 0.17651314973534085
0.22657962597409106 0.1604819598066147
0.22524077159480765 0.15082401471116522
0.22753111403493304 0.13147147474080592
0.2207759572709452 0.1263211182842937
0.2222056729096893 0.1096096083922367
0.2218018570694425 0.0964579534911295
0.218846162400701 0.08707844311376596
0.21952286706758978 0.07271088791272648
0.2372731102897231 0.9383935904086145
0.2355361606577591 0.9242243517958096
0.23079585828649932 0.9205800595729868
0.23752284275291796 0.8991733553869425
0.2361574668530262 0.8874421855726503
0.23583251547433381 0.8799027961990302
0.23485991427685618 0.7157517073608364
0.2344670926486906 0.7124531070434345
0.2347688324846103 0.686622956542973
0.2340959305727872 0.6711869097375013
0.23088091247573173 0.6673550376580767
0.2431522887309375 0.6416452598332942
0.23170424803388345 0.6468205683369124
0.23483745212002707 0.6342816027244291
0.23854549753054788 0.6143519270107715
0.23941464207066201 0.6057021109142002
0.22906279483763547 0.5884249657386227
0.22301224400225228 0.5828967454823083
0.2326135841118808 0.5679537032892437
0.2308009237130844 0.5557951554807037
0.22628779660721057 0.5405965036263622
0.23457045077412075 0.5241601702042492
0.2354376874293159 0.5123462449714642
0.23816332883786942 0.5132517256379407
0.23351435696266037 0.48559926762439715
0.2375265315685641 0.4839832005708281
0.2383290954815091 0.46631962594483195
0.23375361193403082 0.4571519153618276
0.23245131443310355 0.44610572529304493
0.23334069756899017 0.4247194702248719
0.2399814466998289 0.4185628940582249
0.2297913640637229 0.41294883071468574
0.23223189758254997 0.39774193070856984
0.23183401492115008 0.380127232591784
0.237669974521794 0.3691649616987613
0.234210107735494 0.36290064764494795
0.23869264049788305 0.34193860622675143
0.23074667561543333 0.3313653356924829
0.23370906067289665 0.32052118690266873
0.23718384981657395 0.3143844948719912
0.235468652164972 0.2941176669722452
0.23281028199496098 0.28324307543337507
0.23202103656416628 0.2758557056700155
0.23808842892867932 0.2701751675782243
0.23567021968117144 0.250206293905861
0.23902712918874236 0.22976165970614554
0.23407147239788423 0.2238464515258811
0.23430616208812202 0.2163650131590826
0.23032428206275665 0.19872352729998832
0.23213890269199916 0.1868250746508446
0.23990323807995004 0.1711947002702868
0.24004537476815457 0.1571201035688561
0.23133499486472 0.1447841199307232
0.229815292326425 0.13149842133534206
0.2364051080063441 0.12150006370221027
0.23927744451481625 0.11161509820525273
0.2326008580219865 0.0987081402688711
0.24387889479751443 0.9608499510514055
0.24707257436241514 0.9458158949519998
0.24314941024474143 0.9372439965499523
0.24702357199196848 0.9218298232825463
0.2510143038828353 0.90858576356287
0.24871125134487737 0.9046848781455156
0.2422527808434805 0.8950114694470268
0.2494350294041155 0.6798923200084024
0.24218890979348934 0.6708573121361026
0.24983938658386826 0.6519612393285044
0.250605350303606 0.6402343804472673
0.23825337773814909 0.6251613097338498
0.243747930979122 0.6161063922023892
0.2504152726414287 0.6035410133353238
0.24270455670661828 0.5961037104338656
0.24012076544183897 0.5825001349944768
0.25418907209960634 0.569143836338727
0.24123978018268932 0.5532138475637035
0.24419100840497734 0.5422015446459337
0.24980381395736317 0.5341023694045562
0.24418134019268803 0.5131007472603247
0.24733840157007056 0.5107750216803439
0.2407471340437469 0.49722022481343214
0.25396817446407705 0.4871411060429073
0.2438328550951502 0.465510094303025
0.2551570704790918 0.45242799202749606
0.2450210380712308 0.44660553809460035
0.2541411582688769 0.4353358860432119
0.24536353962883095 0.4181109857990636
0.25116893209814234 0.4051701743086239
0.2436309656688336 0.39535143492118946
0.2386958664630533 0.38908874809556526
0.24971301259848122 0.36925409140251025
0.24872953652894486 0.36281892999128
0.24876520120729945 0.34780643423871727
0.24958636457821268 0.33295580762821153
0.25178765446330476 0.3191015572130856
0.2488070792492552 0.30517721304899376
0.2483920729354288 0.29409829680850913
0.2440983656860029 0.28040938658718284
0.24620754931709526 0.2711817834244887
0.2429475989472588 0.2602270122600221
0.2431395932156768 0.24711660709220298
0.24240970070423132 0.23131991716553527
0.2460477816570498 0.219874970219826
0.24977499241901477 0.20662444908848085
0.2530118162220992 0.19434656965924577
0.2389302402387136 0.18823626275289237
0.2409085584272169 0.17255664081275024
0.24778568357250158 0.16312286846251806
0.2469977061771162 0.14498592859591453
0.24530889346278126 0.13685748706499518
0.2611515838455056 0.9911613164330411
0.26145195537314403 0.9832831322395231
0.2654098816375932 0.9661334068070047
0.2613818224160516 0.9488328744487974
0.26097527610650906 0.9292855477001358
0.25648792791147235 0.9276928062348108
0.2699187728441869 0.9139252265764435
0.2566835243175881 0.9045793113632798
0.26156668214867623 0.6325059130725095
0.26203737937884813 0.6253327885020075
0.25783101503807593 0.6019247131771011
0.2602760870522375 0.5923895285820769
0.254385583836041 0.5772930142000249
0.25725422466795056 0.5713504246993426
0.25849929848028114 0.5511350101586187
0.2649090314680831 0.5406807567859647
0.2524012102299784 0.5315603871237988
0.2633702555787717 0.5187631175745085
0.2595742450677317 0.502590956905153
0.25906233815977786 0.4921214951980117
0.26496917100444894 0.4798414266041012
0.2721868060484975 0.4755998978050668
0.2588750830636223 0.4549509189447762
0.2560805163594355 0.44518914149488586
0.26158381597433017 0.4300549328972002
0.2624628366739778 0.42252353221527567
0.2624020579546242 0.40550522209133155
0.2571191449670722 0.3883296648934034
0.2597740175240594 0.383525355832464
0.26134396627177414 0.3652662015772294
0.26479287063980983 0.3582911637592936
0.2633457372932553 0.33985730886332716
0.2674426622493981 0.33119061415215006
0.2633567327357201 0.3272909122451626
0.2541894279296475 0.31006141540660653
0.2694889874483797 0.2963297927162308
0.26478403333288947 0.2796436219759022
0.2639678361403931 0.27724200948146116
0.2586693897546725 0.25707744393119636
0.2559996937100535 0.24398610614919625
0.26261567376573325 0.23367740100447587
0.2593111872543146 0.2269935086007165
0.26051300336517236 0.2101907203707065
0.2662234518960854 0.1999072942525024
0.2597476937078872 0.18891388813139415
0.2664166943945088 0.1701809240579119
0.2763170587384074 0.9980729930087531
0.27428785189007193 0.99218034353473
0.2720066937546788 0.9654285299053105
0.2710994148493751 0.9673776022160753
0.2684897707079379 0.951858691379894
0.2713790794279889 0.9473623480220661
0.2737561036360675 0.9294801718721853
0.278004000420077 0.9193458002852526
0.27628310294104225 0.5522321218326648
0.2721436268405679 0.5482726616681692
0.2750484147205273 0.5368629631196717
0.27369739831770284 0.5193126636515313
0.27151988009282 0.503548580503252
0.26503786347337 0.4943677956392961
0.27179790068806464 0.48307221086819196
0.27285395310390076 0.4736340222634455
0.27878673920417085 0.4533964285597176
0.27344725826653055 0.446583138361287
0.26554971095709584 0.42884632882333285
0.2725057799266766 0.4165543851806847
0.26884239221870143 0.41381881113218494
0.27248872359160536 0.39508031267802907
0.2732663201772461 0.38825882183264104
0.2693325165231023 0.36723886360131136
0.2690380023623654 0.35748687781655414
0.2663731174084748 0.3463528012925334
0.2733075308816965 0.3279799036170938
0.2722869182603817 0.3221321138626332
0.27051208299811236 0.30844421568524816
0.2666639256597724 0.3038651339857873
0.26981735635773146 0.2819076727964828
0.2736428165479905 0.2735958568708893
0.28322539011933423 0.2648353869961771
0.27876580307059606 1.0017961884673154
0.28309156603676294 0.9892273428296359
0.2859278280584771 0.9798742300360443
0.2893834561365893 0.9645429052340986
0.2802590431943315 0.9545161352720722
0.28851359902698837 0.9356395826174362
0.2860329131720545 0.9273701367028991
0.3016243480037897 0.9932055470193246
0.3071674051066703 0.9701730654028266
0.2956493250608999 0.9652270525161563
0.300286238581759 0.9489591542567315
0.29353707335485346 0.9408171569601514
0.2993200103234074 0.9894275511383023
0.3013606936247863 0.9708500422770466
0.3048661521677664 0.9567425252397044
0.3071114668213961 0.9486493162522116
0.3138860001624291 0.9733058208916426
0.32094675065078204 0.9669914854316041
0.31997004185108147 0.9535168226393541
0.33471897546895063 0.9569956686606464
0.3303965354825211 0.8673933670601637
0.3488039069834603 0.8687102900961534
0.34462630180229864 0.8573100656502577
0.3404343644362632 0.8413852879564726
0.353280550257715 0.8513356678667192
0.36163746044279527 0.841576391808411
0.3723801509355863 0.845351855872806
0.3722854697197289 0.8391280872871745
0.3775652698500642 0.8523206923728293
0.3837751532752993 0.8416699382368973
0.39974171757939364 0.8521693239805945
0.39650064090920617 0.8407888205771168
0.3963440733083495 0.6063451007945674
0.3975476817958313 0.5884561878991755
0.3936838461207064 0.5791263542980984
0.3949432400920345 0.5692353368792306
0.3956570348577695 0.551586276541839
0.39719379821351475 0.5349836032700188
0.4052317101857452 0.2324234031493769
0.39600087677459245 0.22329592246470795
0.39719554082003977 0.2067293131705961
0.39257755770190433 0.20055006774906406
0.3941593689688624 0.18592511876134002
0.39646611048030933 0.17501000434803643
0.39224875088587635 0.15634681337255665
0.3978519199210759 0.1493328254939175
0.40015780806513346 0.13606491254491243
0.3991252785812315 0.12227317205271342
0.39373632479495463 0.11552816780452586
0.39324826060502827 0.10147815976239963
0.4006055858670805 0.08401405269114336
0.39609022992585813 0.08250385363402955
0.3958211197416844 0.05812008609710946
0.39159347578469855 0.05304775394725564
0.40212142386131516 0.03697985230542419
0.3950062522787809 0.017373131994077702
0.39303938953427847 0.003954030046760421
0.4052726237651824 0.8446478786844246
0.40835080370319005 0.8374297281639758
0.40454214079998235 0.5809622768058369
0.4030267839167735 0.5802134727543865
0.4164598165760514 0.573133991696885
0.41476693645967355 0.5571309272678096
0.4089951958115419 0.5505926806105607
0.4087033411225862 0.5401753252709793
0.4101805830349728 0.5205079105034203
0.40825972967105095 0.5003554832719602
0.40637106531994904 0.4937943010530736
0.40545297938878855 0.4816344560183815
0.40477641324227903 0.4632436416786576
0.4054710152325341 0.45117549243901156
0.40368759618129674 0.4409366220808698
0.4093244642089034 0.4297989694457037
0.40621678306323666 0.4191826369621919
0.4108424690364132 0.4069787376669948
0.4076247660385901 0.3926384339096182
0.40898320965434 0.38771058578809353
0.4082511547064543 0.3724809851059168
0.408959401668597 0.363679395091457
0.4015618055101883 0.34829344546410934
0.4067456038852375 0.32907374891740426
0.4005972009495369 0.3198375676043628
0.40520147908014714 0.3098687301145273
0.40544606566957614 0.3009905648550676
0.4080698990333904 0.28767426201150537
0.4107967138620582 0.2690357444262198
0.4014168730775965 0.2571215773954751
0.41164302626239063 0.24828431745662335
0.407424948190749 0.23648016804418007
0.40649984885909235 0.21886631658345557
0.40517291076043366 0.1975778363711771
0.4073770081646016 0.19873371950735794
0.4110217299781679 0.1792968173146985
0.4135251212711914 0.17171533547051418
0.4004412031712867 0.15000111555884313
0.4063612741634931 0.15558679856533075
0.4025677919122492 0.12983617258839275
0.4101644725218728 0.11228964612438708
0.4074512442045733 0.10834634640128057
0.41243486823598857 0.1028028501552631
0.40674321152788206 0.0871784457157954
0.41358503135051333 0.07424225586591311
0.41535412589745563 0.05890770282153733
0.4051870822651447 0.047122363235082725
0.4083451708893154 0.03567378781908135
0.4006384179118748 0.029019357970637684
0.4003507321798334 0.006809185648306555
0.42217152695242105 0.8494343855846077
0.4257321087440369 0.8373332724881859
0.418595341968797 0.5818062501772229
0.4289372551491852 0.5648329543194464
0.42278823355382783 0.5594801162552934
0.4132946844760419 0.5356453980635096
0.42858676869559703 0.5305549115733833
0.42131917458978146 0.5232977850922507
0.4130917940241752 0.5048262351844298
0.4209477716266077 0.4839910173481977
0.4157692440991258 0.4793131103764695
0.4174202271160944 0.46988339622909464
0.424402959791197 0.4593097593828533
0.41810369773201655 0.44434157082215
0.42233717120813546 0.429376621061679
0.4219825065226338 0.4200663264770395
0.42254282511381375 0.41329456599126374
0.4264404029057329 0.3971249925710028
0.4237190373229727 0.3823342666200846
0.41521687806348145 0.3797454416469365
0.4230144415849699 0.35949844666798386
0.4261032894228368 0.34476935150899657
0.42705170389359903 0.34095588305614083
0.4192800967876521 0.32486451128205796
0.41589930996689595 0.3118477109661594
0.4213930340778923 0.2911247227258166
0.42327008009206507 0.27852359653614167
0.4214720787821734 0.2734425008629371
0.4202691178507575 0.2622767834868435
0.4213060909991386 0.24436111496044327
0.4192642388195123 0.23892084723103185
0.4132210010936356 0.21996662674290882
0.42837364811513096 0.21409551157892565
0.42092691876505334 0.20053071287034477
0.42704433493012245 0.18667579538853535
0.4204767389194227 0.17630660382061172
0.4286630246294951 0.15247400004516096
0.4171552127069011 0.1503950305883698
0.4214456638602784 0.13484258051381642
0.41991020074798235 0.12086104806295384
0.4152391285373445 0.11089506432840272
0.4215480579145351 0.09453411063513409
0.4170105574428213 0.09225994148570747
0.418428269839742 0.07574914486546894
0.4174170331638166 0.06397800253753477
0.4143696228358008 0.058727935538526614
0.4173735266741282 0.03600540289508135
0.4281521295401305 0.023951936970637584
0.43049261414445694 0.8506163013937702
0.4366594879710668 0.8429842404691399
0.43588975246798156 0.5887876185828238
0.4325414673430315 0.5681609390564619
0.43598329904821004 0.5550348040846994
0.4207151117293778 0.5435233173802498
0.4302443087949469 0.5307053114194976
0.4341283708127665 0.5205994866040643
0.430696443340172 0.5057149908537176
0.4283898628064794 0.49419964434086733
0.433983806031883 0.4817579516056395
0.4268033459376807 0.47419552281679855
0.4275326744045382 0.46107916798361714
0.4335033754789082 0.4483818690103368
0.4395558373080674 0.4330103512475903
0.4332605140115003 0.4193210163682679
0.43452932429639085 0.40410793038474146
0.42566203403436653 0.38907717520337604
0.4380665523444473 0.3837458344260148
0.43052632746696523 0.37249506741183747
0.4321336111504406 0.36014666780662874
0.4365977813278792 0.34826183798110893
0.43271173301248517 0.337775811880694
0.42459092382905883 0.3247811503324055
0.43600196845183675 0.30637344117504356
0.43419111670953525 0.2969690625178501
0.43433990233042347 0.28272300439944986
0.4350605346978655 0.26467471661923053
0.4360979816324163 0.2633004423663997
0.4343785250298154 0.24686490781878553
0.4387653450265394 0.23082143621081708
0.4312820837025307 0.2147407673456448
0.429759473819755 0.2104653611161737
0.43033227889569114 0.19944831592590603
0.4286127763197247 0.17901615343321953
0.43074714163559125 0.1681860575219781
0.4313028619322423 0.1574679285096672
0.4223958474592915 0.15508671674652796
0.43033767041978754 0.1391910086145736
0.4352148362420498 0.1235800699969091
0.4309655761508597 0.11679388155203838
0.42727761024173316 0.09598751089642014
0.4335702328330662 0.08985712645989855
0.4311890643353319 0.06818485825813218
0.43418047538243854 0.06404439717045474
0.4282855324913882 0.04915834774215155
0.43852723659446524 0.04024994392688518
0.451405943913241 0.8466510079944255
0.4485282476332621 0.8377716047255904
0.44879338673701835 0.5901719209407614
0.44404083601658495 0.3593681558181832
0.4391285447280836 0.3447712330357036
0.4431246932901244 0.11324015875411075
0.44506978234311156 0.1017875490059002
0.4571618631596404 0.8514270132650005
0.4612637219569851 0.8311494381551395
0.4569154126074902 0.579799701394146
0.4570265440841491 0.3601568617739215
0.45949965146990684 0.34278754415371915
0.4514990206164975 0.1073440972780742
0.4584842962253151 0.09872094945273775
0.4680143854921069 0.8480834244932184
0.46860759693905524 0.8394711534498165
0.47745423618381133 0.5864377733127516
0.46468896725689063 0.3566925625333654
0.4656272665301535 0.344039213485931
0.46700090416473017 0.11217954049224964
0.4622743443224776 0.0993094434000168
0.4823690681820553 0.8466365654213691
0.4808492357557652 0.8436610953548646
0.47993975432858815 0.5800095022138398
0.4816645589478869 0.3574607886821558
0.4751756715660699 0.3453255276868831
0.48127451358262985 0.11259245306716038
0.4815176570542693 0.10013111394868264
0.4941001748747981 0.8543460924461702
0.4954663957402206 0.8370058600818232
0.4925756959608825 0.5849192306627188
0.49579138742114204 0.3632945538890805
0.49178899877299304 0.3505997851447989
0.49741511967079827 0.10772108596121359
0.49951515850904504 0.10102348030172255
0.5054616912983315 0.8565652809104706
0.5078075217221628 0.8407093205965244
0.5048007147560054 0.5779797811483033
0.5081189978036962 0.35937156925289765
0.502583221310026 0.34488561889053543
0.5061307332103342 0.1135331141461412
0.5127327849136524 0.10637097964224188
0.5244316109659652 1.0081054316253208
0.5238040112159829 0.9861698440589662
0.5112622219202396 0.9723856369635498
0.5130754966704683 0.959549237682662
0.5222214333009338 0.9528172050219453
0.5147729825880071 0.9364535319100366
0.523910091111112 0.9321138419427529
0.5171780946321836 0.9087738467644482
0.5170325854789791 0.9025807604653614
0.5173462292473024 0.8876801708061525
0.5159238113045369 0.8808252240211236
0.5211116788343366 0.8653070683312
0.5275663963512798 0.8562740396693591
0.5188039898866633 0.8455397813998573
0.5263955858671084 0.8334735197116065
0.5213398802823065 0.8240536952381239
0.5150780108539542 0.8029286119272324
0.5189224431065766 0.7927154143483045
0.5164921670543043 0.7783495647319286
0.524015964296745 0.7559173507138574
0.5158673409993313 0.7530996679510177
0.5162091300658233 0.7438831642685737
0.5246255323637555 0.7302894777913043
0.5203000982250432 0.7122738093017754
0.5193625411927671 0.7013010996743655
0.5214276612796948 0.699568690146565
0.5160134552063863 0.6732674775316244
0.516710658722958 0.5813662935233608
0.5176540413532468 0.35844199308974756
0.5262303553330666 0.34342095608693335
0.5191769726699149 0.10856423028489873
0.5221394453127146 0.09574342756303873
0.5331800627386603 0.9980826575562081
0.5356193496726548 0.9828279670248417
0.5304545296269737 0.9681727117572245
0.5362073823149408 0.9624415017041706
0.5261117233041854 0.9569206399189911
0.5302084516598026 0.9428160571541802
0.5275289877580525 0.9295560764678481
0.5301517666850742 0.9167862230154206
0.5269595401712373 0.8998429012337089
0.5242897522540857 0.8900962262329872
0.5236164534813791 0.8753212367128642
0.529161712762877 0.8655259388698414
0.5302657787631395 0.8457772211138166
0.5344954730480984 0.8393704112151796
0.5273363350026249 0.8315893390919009
0.5256862751604157 0.8170699761926391
0.5285919844699147 0.7972058269752298
0.5340679854472745 0.7887291177202207
0.5302031020101073 0.7787727364057636
0.5254253545496943 0.758291843278612
0.5311668308276547 0.7485068775471516
0.5241070149788079 0.7362834440969859
0.5292828648386206 0.7297146239744513
0.5256931834826383 0.7221906459951124
0.5290033418045694 0.7029904725225011
0.5307424058800989 0.6884048154366936
0.5358829217753696 0.6729787379871711
0.5275660902051016 0.5780366784911792
0.5299112670281256 0.3514842664793472
0.5333695868307295 0.3462400660719517
0.5354387814611382 0.1103391788230378
0.5352536273657473 0.09650929499697636
0.5485732327850988 0.9889409312524341
0.5394085761373923 0.9763997675731316
0.5451775170022353 0.965275678796293
0.5462822499504184 0.9537372525688244
0.5413287396318066 0.9412970440076803
0.5490008048851005 0.9275298603642473
0.548338268237421 0.9164955970771234
0.5408427796343582 0.8939247144518877
0.5478119612421072 0.8861663440795959
0.5414229994297598 0.8793117193094071
0.5422985567170542 0.8665260257682117
0.5528811467058811 0.8512737532339282
0.545359044240874 0.839181540072489
0.5403843882737245 0.8292727533044085
0.5484310752534165 0.8130146358200098
0.5478814766285072 0.8040582803572164
0.5406211745317787 0.7876809709167072
0.5448116339292791 0.7730897919086827
0.5470023330206291 0.7694178362936055
0.5383845872004536 0.7504296927826009
0.5431924232190914 0.7409096319660903
0.5467065322995418 0.726138487154432
0.5436049699065653 0.7087850002678985
0.5451913785242566 0.7062054872133356
0.5371399355543363 0.6907624582083547
0.5397413067303212 0.583246089792204
0.538695162479044 0.35613974152828276
0.5401853030079483 0.342363702175246
0.5454366136525989 0.11020578754912545
0.5442683110100689 0.10294517071063257
0.5491963650251481 0.9778868451395055
0.5596205224373101 0.9722300517708101
0.5602699475984027 0.9544608191406111
0.5495472387472409 0.9502303377188123
0.5559902764206102 0.8526033966681453
0.5619231861806164 0.8449247483473228
0.554728391393627 0.7281430538122214
0.5435926580345559 0.7154579917582131
0.5565888976908498 0.7081840852494643
0.5521334330795629 0.581719845950726
0.555729567098123 0.35753262474194264
0.5547878818986122 0.3433178679369646
0.5584871640001106 0.10828872588833621
0.5524639528048628 0.09985603308179967
0.56994330457881 0.9673211640602404
0.575028364496789 0.8522820186004788
0.5725775407612523 0.8491416704661606
0.5690328759653015 0.5821262517710417
0.5670154760184036 0.35693926467301845
0.5686800439327067 0.3426357565134334
0.5710337702741818 0.11855481991010783
0.5713764384675654 0.1004908340061202
0.5824490589292757 0.9754007487341348
0.5846201335215635 0.8547116776695665
0.5859633160809024 0.8444515944339759
0.5826878508355284 0.5824702356783049
0.5795410428484719 0.3532554412747538
0.5771459305474771 0.3498505940356906
0.5863742382318596 0.10984151953705355
0.584160503249412 0.09514590982061728
0.5932108073886787 0.8490414312847152
0.593698560377903 0.8351990059936041
0.5967188009957248 0.5783847659403921
0.5856514450715821 0.36403867248631505
0.5998006715244033 0.348606772394921
0.5863694003696479 0.11427628444545028
0.5914838934575308 0.10308258798207316
0.6037873790562032 0.8491299503578337
0.6096252069459199 0.8407683207260118
0.6107692039316556 0.5763613629693624
0.6097324513216141 0.35471331564678343
0.6071841648453308 0.3479339559967664
0.6072570103764106 0.10952903137049713
0.602689743459772 0.09256050786681702
0.6132050074382019 0.8427539777869375
0.6206873651066237 0.8397530844411002
0.6143637243783138 0.5763770335344255
0.6154588345361458 0.3571420841066974
0.6143752551620831 0.3514179687728762
0.6206719376600048 0.11085513204368973
0.6138381622376685 0.09985333857012718
0.6346804566767084 0.853519348414465
0.6275492883591341 0.8401048801627882
0.6318586658629768 0.5795483852810992
0.6229259935442447 0.3617487208091555
0.6296446352454357 0.3446768928715862
0.6289277698585797 0.11418834600860817
0.6241176288167682 0.10553051801528082
0.636447940354055 0.8503500501030449
0.6430949726104148 0.8376272806912324
0.6405631865979486 0.5829067494012994
0.6402677551773103 0.3557117513427288
0.6452574305852112 0.3468189942090452
0.6403226158026982 0.11370794322766901
0.6416946559202035 0.10159038058934143
0.651622995112235 0.8527526554611438
0.6519236851970656 0.8455713788283907
0.6585254128138506 0.5823440147485203
0.6484198737678565 0.5670454127557106
0.6460134806808707 0.5567984122364281
0.6513526717703096 0.5414129506839533
0.6527770697838837 0.5305857587255121
0.6560517177507513 0.5120463289771311
0.6564038801237847 0.5053571767112782
0.6581810392050536 0.4963481462345576
0.6525749357419236 0.49027636894880794
0.6556292686068237 0.46517143268519284
0.6525477420956722 0.4571402881487344
0.6551270843565746 0.44825189161421064
0.6594521507209791 0.4333553304730713
0.649353625627469 0.41444086923512236
0.6548071183100841 0.4096903717522305
0.6540331080568326 0.4053906629419109
0.6560441716491936 0.38629763270695094
0.6606845737373105 0.3732264118636829
0.6590703675070381 0.3582450632338964
0.6633292160186954 0.3459175942979812
0.6539720180689158 0.3239909743643168
0.6578205340620976 0.3215054247778964
0.6550284887481537 0.30835687687941765
0.6560494497446909 0.297141075588951
0.6615442779856141 0.29413281466581065
0.6557557429852929 0.2687070510033245
0.6512754031960947 0.2655338910900379
0.6575970731948986 0.24884885832016038
0.6582397822928198 0.2339015292848209
0.6571223663919389 0.21660669852438866
0.6478408770716857 0.2124602496264931
0.6548538321371958 0.19697591283846147
0.6594147513111573 0.1918090129470412
0.6592692098451023 0.1705871101592624
0.6487211421835545 0.14888186317842528
0.6457326757781169 0.14099134714715703
0.6569268983836315 0.13842293110977005
0.6513000221083015 0.1251671189693906
0.6551380374813227 0.10784283772971841
0.6509163532880456 0.10365178570245595
0.6664073842506504 0.851337372952934
0.6707651288834209 0.838798938749894
0.6627108402824927 0.5757207114842333
0.6680719158806415 0.561536759868674
0.6652100902888303 0.54968921947193
0.6588922662255982 0.5408370944709224
0.6577200087229609 0.5308935965184893
0.6644116323546502 0.5149850307507786
0.6688105827766179 0.5079938376793746
0.6624830171448789 0.4874377683628734
0.6674974588489736 0.48149554574766595
0.6692429097422491 0.46638428357011164
0.6685621170616174 0.4533728899390652
0.6705303209265515 0.4428015036602157
0.6713337591407449 0.43497294309514767
0.6714303430281008 0.41520688055856586
0.6663669931794167 0.4044724858608894
0.6655627330142283 0.39527494751675374
0.6654588704971974 0.37767237321201874
0.663040823977853 0.3754006895831357
0.6689218979004815 0.3583538655421286
0.6648954962747725 0.34696700649175444
0.6648968739704758 0.33384791616304876
0.6709164577938572 0.32113156060527354
0.6620248916046041 0.31573881449085417
0.6678666197252773 0.2990607888766728
0.6695095396031676 0.2751238444938435
0.6685428543899457 0.2775513076594117
0.6596191609000341 0.2552867484746382
0.664731003975666 0.24352728800115528
0.6669276398548002 0.23262257523935104
0.6694349805499502 0.22874068439451667
0.6669467099427477 0.20923861197761243
0.6680056289965527 0.1990741449776225
0.6655551073021316 0.1816367078650115
0.6686129443650145 0.17618322113994045
0.6634851738148914 0.1667622227964384
0.6649763979746127 0.15042236092271086
0.6684546451180224 0.13281272376891362
0.663254242938114 0.1270554751682424
0.6647101321173524 0.1105262958437196
0.6668505803927098 0.09151370161505354
0.6862921133977095 0.8510397040534068
0.6818680434713716 0.8403906327202563
0.6805097590744306 0.5804210716581925
0.6772326480539264 0.5633965081778533
0.673997383443626 0.5494965628280414
0.6836625110508847 0.5445989714870991
0.6791273092592724 0.5370194360312426
0.6799660319396035 0.5168844748239318
0.6876377909390039 0.5105417021245343
0.6728271255539013 0.49586352091456076
0.6810060765455667 0.4741617545643694
0.6878848904586354 0.46890213537699005
0.6800805185140225 0.46196291346112406
0.6770267655815786 0.4467965038503433
0.673214923701831 0.42323271780844557
0.6786150808453707 0.4104528145754884
0.6838543263401324 0.40220854024323155
0.6809399476310167 0.39713049505138365
0.6782753336154266 0.3902933338459093
0.6721353157613963 0.37363139665023604
0.6754029416682024 0.3602879135537921
0.6732820315632742 0.3485964571537114
0.676585033213531 0.33385758316837344
0.6794457262063048 0.3225682578979725
0.6839350331534431 0.30911380689700263
0.6743098217786427 0.2973560992514787
0.6748260882134811 0.28656398571910674
0.6808511751834581 0.269198191618663
0.6797932738723642 0.2593197998049322
0.6859603787067586 0.24679970062158962
0.6746444544274466 0.2322588868109848
0.6805695475629239 0.223581686963687
0.6797498161764345 0.2050338293078743
0.6781216545129422 0.20064756351963445
0.6767932858625905 0.18238002879438286
0.6749956481392123 0.17338355229266308
0.6779086273476216 0.1539513650086368
0.680858426697222 0.14783271108484045
0.6839774284204001 0.13936738063322177
0.6733305221311932 0.11898659738797056
0.6842640832215229 0.11826538736195105
0.6876168824728675 0.09986133298270311
0.6919250908489653 0.851262077189756
0.6866132809609221 0.8386441878942787
0.6947349327146356 0.5790633898260746
0.68875662270886 0.35213859800299163
0.6870930959464855 0.3427873501874259
0.6915094464896699 0.11004288365090979
0.6846128545532959 0.09883958994718603
0.7001385665235634 0.8448388108201228
0.702168103126822 0.8415109921010734
0.7091885219362174 0.580431998686294
0.702762821158161 0.35317153790728156
0.7027559225151768 0.3393426236738243
0.7045444745214371 0.10589173469921825
0.7122392057062199 0.09464935300223462
0.7150413091444323 0.849584928612057
0.7180901249245609 0.8375755733344462
0.7078926040068612 0.583696861882211
0.7150783181874306 0.36212784964915673
0.7141774645824991 0.3419968552730483
0.7182941310613492 0.11693353111481454
0.7206502591345473 0.09587871912621983
0.726699195973247 0.8513250416068224
0.7304437793228132 0.8351707644025951
0.7230728213680311 0.5840797944770508
0.7270209970657044 0.35791962102486446
0.7270414878213695 0.3515160036386784
0.7311791541771702 0.10980554645934887
0.7290588099486719 0.09735969193978815
0.741096058236651 0.8553706688307248
0.7383294925904277 0.8410527695042826
0.7408921152866049 0.5862253923543006
0.7433198724341143 0.3601461869876517
0.7441606816494052 0.34164975332304526
0.7294673690389941 0.10898645605600167
0.7418112841924787 0.09918014808776128
0.7491062877706185 0.857951072129739
0.7564662247360681 0.8403622411861659
0.7493974851842774 0.5865744793287058
0.7543428626574185 0.35150528002606973
0.7487512962944604 0.34531975094495504
0.7525435700014017 0.11195343547586081
0.7495154563904005 0.09893092802656389
0.7717462032033267 0.8442056156410329
0.7600821669210442 0.8416111917483279
0.7664671907671399 0.5794212690007611
0.762677781795333 0.3560029285821382
0.7682581501294883 0.33938786870976584
0.7635712826378941 0.1125115282494979
0.7627238437881566 0.09548416906207306
0.7848088986261199 1.0008247979551022
0.7706164073927726 0.9875620543310853
0.771378853082676 0.9781401821787028
0.7750893837217564 0.9721959317427151
0.7797479682566756 0.946367338978184
0.7825331790133069 0.9368722648913611
0.7798830583569832 0.9254120186380345
0.7709004252637932 0.9189755908225297
0.7858276832483194 0.9064788490804572
0.7814164696974593 0.8922670505394248
0.7689590266514896 0.8734981075742029
0.7814661039396551 0.8643726334844143
0.7745622338819119 0.8552057832648349
0.7776911496293287 0.8452312021192344
0.7796192867637697 0.8296531947219359
0.7772987870032684 0.8189347876993839
0.7731617795547132 0.8036627724788106
0.7720018037093158 0.7909649341206473
0.7780262954006507 0.7746746468200584
0.7829030397479597 0.7691901863383283
0.7767757588910469 0.7484163189700681
0.7733191850296142 0.7389264425515315
0.7742361427383019 0.7240114972900604
0.7719973523309237 0.7134279920078785
0.7762915380858508 0.7096798525472536
0.7796681669383937 0.6934650588662201
0.7800478058584592 0.6852469079440582
0.7729129171453413 0.5786051098058907
0.7818050029081053 0.35367704544635353
0.7766627273494979 0.34647519384118225
0.78042555800717 0.11219794115128118
0.7772799389844993 0.09783551403726264
0.7939567135375056 1.0001073782718568
0.7978411538300486 0.9875578988065714
0.7876727003631184 0.9718923813160502
0.7855247813740454 0.9632590402572586
0.7863554018990282 0.9556745022376254
0.7931604636420997 0.9330234116737548
0.7868736056742927 0.9205323257894893
0.7942501444814409 0.9102215415070847
0.7948720773499123 0.8981383079009836
0.7940066007436416 0.8871613052125329
0.7928208823312862 0.8827384250755409
0.7947129897956934 0.8613000760228138
0.7878516751661275 0.8533036257388897
0.7943403099716687 0.8440372241366313
0.7900758945659587 0.8293068629948618
0.7873024604733105 0.8148164796476515
0.7882072686624936 0.8025223573089534
0.7920309789601726 0.7920968489245622
0.7905625390725253 0.7808274078273026
0.7926767776493816 0.7628331483196356
0.79245843745914 0.7526696066498445
0.7892748123624335 0.744185102723377
0.7932075379400569 0.7303610437576104
0.7928152284021835 0.714775238448903
0.7810380877117126 0.7022423224011253
0.7896464286562236 0.6931207699424401
0.7869826722786867 0.680245938230158
0.7947854099724224 0.5761883718722985
0.793661040656324 0.36885337010634306
0.7869631239219169 0.3478773287839985
0.7857835884758462 0.11400068619192828
0.7944897046634081 0.10362943502852107
0.7973193804332437 0.9896514258509127
0.8000691283972481 0.9791344168783683
0.7998271232326062 0.9652711026267033
0.8143629083303007 0.9490679704748844
0.8051489306929691 0.9403620006153628
0.8066552172054925 0.9265026326649812
0.805680788292785 0.9222639302523876
0.7989551357970015 0.8996370083729252
0.8015874557218605 0.894584681777478
0.8015892739705385 0.8825526601405859
0.8006405557893858 0.8612361561075134
0.8032059283403767 0.8555825337168494
0.7950286561450074 0.8371334855202848
0.7992953206908792 0.8259396668084492
0.8026465265912112 0.8174535395710351
0.7985049689494313 0.8029146236704985
0.8037691491211352 0.7880291836163783
0.8002727110841472 0.7829355247417106
0.7999944830288167 0.7660968045397606
0.8036689351162104 0.7606292425387183
0.8076123139135358 0.7447795368502331
0.8016710083662428 0.724415158004836
0.8066962099858331 0.7136975131147264
0.7992939590605103 0.6970489668206027
0.8049850020161646 0.6913901948775807
0.8007636023801508 0.5817089756893316
0.8036813211663213 0.3599152540403974
0.8040392482299776 0.3453883877999274
0.8014378400714345 0.10927121013901298
0.8057907142149745 0.09997219871655533
0.8173093478199994 0.9918678668149612
0.8181839867554943 0.9719417123355827
0.8132724923823244 0.9636386697620767
0.8235561737461887 0.9512571861799868
0.8073933292073108 0.8527302417655553
0.8106317265080296 0.8316789578975823
0.815598545968868 0.5863310273579311
0.8134275308198842 0.36223189903838066
0.8225500010903707 0.3417341366136333
0.8130532646114185 0.10901317195799413
0.8149976056532131 0.09381759630273007
0.8228876402046895 0.9773348579247763
0.8275025669148427 0.8556430135831453
0.8280282625159497 0.8459044912455721
0.8204737455524488 0.5757085535758953
0.8271596717041271 0.3579335979614924
0.826398226040913 0.34797610672702745
0.8253975771716563 0.11252742862918629
0.826644097506714 0.10009217324875509
0.8422223646172128 0.850661452273576
0.844358361382446 0.8383872005685482
0.8375810030279689 0.585519765156969
0.8377586622539311 0.3581467562929032
0.8416740557489101 0.34258698260873816
0.8446991330283696 0.11288278665389374
0.8381168980303506 0.09749273756951692
0.8542721620128452 0.8458357357364351
0.8496692546178387 0.8342782986399448
0.8472904095802661 0.5852447930571634
0.8509751693730946 0.359202140336322
0.8466008196333644 0.3491607650978384
0.855201091936529 0.11259625898008846
0.8411411597892177 0.09448853539543077
0.8588689622155774 0.8553776358356387
0.8670586783246242 0.8372024134175042
0.8631156352997328 0.5788963055017788
0.8678753744270604 0.357774948993194
0.861939729014837 0.33892618825795473
0.8621638070719521 0.11476418469392494
0.8640140213829194 0.09604667011831852
0.8728722253466272 0.8435645935115154
0.8747679765561923 0.8423910360986461
0.8727777074606564 0.5880188251849775
0.8761823137193667 0.5810917058963394
0.8759610604243959 0.35628772631822686
0.8738782731620626 0.3463848500454847
0.879251145401171 0.11186601661121333
0.8759689832954455 0.09468385627712103
0.8883424190383934 0.8533781207983634
0.8885091164039631 0.8403364534537466
0.883568490576637 0.5910315071730112
0.8964844441129898 0.5746584075655297
0.8935139268803994 0.35763237672567666
0.8840416532755776 0.343420804141387
0.8957786265730108 0.11259525633660411
0.893644864135113 0.10281727452063906
0.901523023426294 0.8664152929746243
0.9022095954536938 0.8447010212308387
0.8963640275221791 0.8399594496884458
0.9037830044771857 0.6028184645824733
0.8982392783725365 0.5858710745877648
0.9054145463090323 0.5776892946703592
0.9007313782302345 0.5772698631091548
0.9012897599644801 0.5590043873603685
0.9049367682763909 0.5409122751418386
0.9016343694754148 0.5219584394247376
0.9003892188999877 0.5143562512054213
0.8950563926275579 0.5062554388224996
0.9070033593951473 0.49458778150475224
0.9061055186822681 0.4817460682073059
0.903904810439329 0.47822891205941165
0.8952375814110978 0.45836445286432337
0.8963721711460252 0.44176265767522527
0.9064756459664807 0.426553633684505
0.9009991926319116 0.42167496977903146
0.8998816521480775 0.4102628837272689
0.9037933553754487 0.39281068124428214
0.8964184503985442 0.3858194480078108
0.8977204516895119 0.37471029073429885
0.9038654599444723 0.3579521771979405
0.896624380643597 0.34563714294382236
0.9060165151919239 0.33180769648505
0.9068765800030494 0.32835261026066703
0.9032084609465126 0.30499710634053695
0.897659572408364 0.29600419524381183
0.8995873514335266 0.2899090436441918
0.9008149687186325 0.27936097246495023
0.9009429095120324 0.2570649251932366
0.9013592357676394 0.2405597947356013
0.900597066935178 0.2315169557034095
0.9020551796301859 0.22574101954313644
0.899067088759068 0.21054128261059424
0.8974876338115263 0.19941897820952664
0.8976546208581833 0.19161266774871805
0.8961176777246329 0.17556717126948646
0.8995308656880942 0.1610238101862538
0.9034008887478758 0.14374654183102634
0.8938843929157102 0.13445712939171361
0.9048037233611416 0.11821869076741152
0.9027263603286487 0.10751554528578346
0.9047061278098416 0.09835022363384203
0.9029411318604611 0.08924597178804707
0.9044940043894629 0.06591074916936204
0.9019380860253449 0.0629544117416814
0.9027775079315133 0.053487078247077234
0.9015954345583292 0.03562041017548789
0.8972188790013933 0.024644239238005537
0.8952899368009649 0.022291524498489576
0.9128837111827615 0.8773286301145226
0.9192900271526389 0.8780517914083562
0.9093495741554432 0.8641438296843834
0.9107400102089164 0.8432825422611883
0.9120793891827758 0.6122993428278988
0.9068048601886612 0.609843056830354
0.9097658362970328 0.5887322849596334
0.9149879629186484 0.5786387744011413
0.9143250866378556 0.5723715986213244
0.9129567268405783 0.5600087366155752
0.9129053805239613 0.5430428908608712
0.910317596004764 0.5297222568588617
0.9076697640215453 0.5195231237212707
0.9068872404969718 0.5071522270805827
0.9109343547374067 0.4972968576273818
0.9152942469300033 0.4802983264843788
0.9175434750500341 0.4665053585752165
0.915225582937091 0.4548622534568399
0.9065240200595258 0.44267905089970977
0.9152968593818178 0.43108827248448434
0.9177265874138384 0.41652831857010764
0.9110164346750514 0.40289332376077447
0.906481635019208 0.39588995922917664
0.9112237595435225 0.3847336641852321
0.9105526533102458 0.3757405687604906
0.9160616940904811 0.35786109484363493
0.9042642399457884 0.34974936604810375
0.9146784412916127 0.33188541785551845
0.9200875826901049 0.32041532076400786
0.9163659481154617 0.310021469943912
0.9127056666017771 0.2943404430438866
0.9113731250132161 0.29225128835723485
0.9167024467654603 0.2690748770792775
0.909892673692458 0.2576918083484187
0.9122295146759754 0.2524890357888849
0.9177364839589908 0.23698026283607054
0.9103625569134806 0.21909196532122266
0.9197918603478161 0.21485571265662745
0.916888933930853 0.19611390882810587
0.9194630554388652 0.18683209128154635
0.9079169476108262 0.1742119625125316
0.9055618169626899 0.15950402983678735
0.919300886996622 0.1445126239777714
0.9094403391440038 0.1419944867671554
0.9112559349200957 0.12315284488494882
0.9136699584108815 0.11089601345576554
0.9117794535026204 0.09866657684974843
0.9116885765220565 0.08427500917272165
0.9095964441298381 0.06781761245248988
0.9047579547460967 0.061463930389324344
0.9158308963244024 0.050277035006837965
0.9106035962463205 0.04130001701736706
0.9136532152364423 0.02999910106853322
0.9289825177623524 0.8876143691899747
0.9212323939634014 0.8761253682076517
0.9237320106338496 0.8652976372390015
0.9262718791796687 0.8580466687621646
0.926354150536639 0.8372171001621649
0.9279702002260349 0.6070356877128633
0.9258810590111456 0.6033890162806047
0.9295149141436527 0.5952130466619339
0.927504324897187 0.5849558999771417
0.9230694288162073 0.5737288751013989
0.9237296581151793 0.5560392627852988
0.9274977864680242 0.5407522542372991
0.9264803712838078 0.5298622240574268
0.9232389701049672 0.5240734802384467
0.9202284525249409 0.49981013875942615
0.9259368470235204 0.4871946689871916
0.9268056865776187 0.4851426007713302
0.9342968003156816 0.4704648989600981
0.9263977119816433 0.459880822988031
0.9274726827168973 0.4379909024825927
0.9207636738019221 0.431487536629047
0.9211902515376168 0.4188715550654778
0.9280895222549617 0.4125347353888864
0.9294119444504769 0.39379984082048125
0.9329927600531281 0.3831776780685917
0.9243428289322215 0.377259036627907
0.9219554032196169 0.3592551589367116
0.917840924143941 0.34297767272532614
0.9292744321657077 0.3358642056317064
0.9245690880552448 0.3147001433295438
0.9321206182500726 0.30453900749424295
0.9254126275381719 0.298014770101026
0.927510959019506 0.2906909664770918
0.9231470670574896 0.2711518634839787
0.9274575115476563 0.25327745855875755
0.9254114881664998 0.25263938865280244
0.9325881688582683 0.2231880576419376
0.9275820863745354 0.23065938516962275
0.9261406528420154 0.20456649244554953
0.9286527619702972 0.19365644573000104
0.915147535673895 0.18123487756199114
0.9272297383529695 0.17111926712321934
0.924854335587291 0.1591193683988582
0.9290470264569489 0.14563493574166808
0.9325623683844038 0.1332567908313446
0.926421626251025 0.12894241341000806
0.9279512840779359 0.10450914296354162
0.9227436863174135 0.09633860086028602
0.9309551622465885 0.0919729452122778
0.9202708422405361 0.07563297074291053
0.9321083559251658 0.0629242862247145
0.9284205420245443 0.04833948938790898
0.9299713851417795 0.03991401818627482
0.9270656761549381 0.022279551006588523
0.9462799285601372 0.9059040393737955
0.9319839402179481 0.8867881441663099
0.9394679492529207 0.8767573627793438
0.943760088226605 0.8620184566606851
0.9382109215235218 0.8502524157468401
0.9410127473368682 0.8408550558515298
0.9408083043416322 0.6017124027543479
0.9396205912131621 0.5821109193407445
0.9312536272618482 0.5770324090821092
0.9410726718270525 0.5693097598828406
0.9351302889236462 0.17525997023562478
0.9382131720071701 0.16660381414733125
0.9416731923868599 0.14938379159654547
0.9447184510300469 0.1432710045207659
0.9349039139481123 0.1273519607926416
0.9418618182003464 0.10891538111409348
0.9401249238822038 0.09753408433029535
0.9459488214458945 0.0856948719857892
0.938041317821852 0.07219993071656132
0.9426771631165052 0.06626315783352965
0.9395010679523021 0.04525423022641894
0.9379571837874162 0.03694848092991392
0.9560615688166081 0.9011790128840583
0.9547379077361826 0.8896986064427612
0.9517696115434772 0.8704947529607607
0.953019333208147 0.8637412905652354
0.9432992984771889 0.855616136924052
0.9468765551093689 0.8451708506610317
0.9529802408531272 0.5945950097584702
0.9617089367246971 0.576410968624505
0.9612713591307935 0.8952084184158214
0.9579404937564658 0.8715826404675727
0.9608784229284002 0.8577757171607245
0.965106475173638 0.8542732607448934
0.9692029404629712 0.8393387431523999
0.9746876323919599 0.8774136011505163
0.97531935808074 0.8572035494871336
0.9811593076357396 0.8492338752163715
0.976351155833532 0.8308793554785799
0.9835675357688334 0.8626722006894901
0.989026695819333 0.85431841282066
