0.002204942733072021 0.6507651697437605
-0.0033323433001858946 -5.895461399499098E-4
0.01160812141072907 0.653516537100438
0.01867813648957795 0.6346809751217297
0.01628260166718196 0.621511798498023
0.011507828953521506 0.014162944290560675
0.029517910366763885 0.6510966300309163
0.018605233842824444 0.6446404798863494
0.02952973746354086 0.6242122241071997
0.017059168514903765 0.014254866534862074
0.04452578369141271 0.6463689008870036
0.031398850255616034 0.6362300424785293
0.03720005295914956 0.6268967575138011
0.04145820199431978 0.01663573884824302
0.04481938613827592 0.649013361938184
0.05275172063557791 0.6314629950831043
0.04626031050820328 0.6322237948360465
0.05067419698215218 0.01748834757637995
0.061221766956319854 0.6436256289861393
0.0561130590603177 0.6305673766080651
0.05976116061860858 0.03992168252940572
0.07421674918981143 0.6461498186198725
0.06670010888090487 0.03573840558132975
0.08563916176763678 0.6292587591361918
0.08270890516294652 0.048637975072501075
0.10356716629086614 0.6296011296605302
0.1016254714627305 0.056178600634184055
0.11111987745657864 0.6286026369283116
0.11245698273457014 0.05637770474386182
0.125894446473329 0.6303155099271737
0.1273105950538632 0.07014658741656198
0.13248091451474012 0.6309205097373466
0.1314699786630532 0.08613469531425215
0.14548442565153308 0.6350367089571022
0.15040980195608314 0.09667419119957645
0.1436330834094348 0.08582261400653592
0.165527191038466 0.6357517061311992
0.16053902029447695 0.09671823263616383
0.17349861081667634 0.6316203643681068
0.1707507470412681 0.10937470925939974
0.18948644794373723 0.6413616277951417
0.18236666085956837 0.12307246242412195
0.18809426855428954 0.11437340849930049
0.1963784692544971 0.6338478633278468
0.18706862925100107 0.1318020194636672
0.19184079692433792 0.1311941951572971
0.21055932395614096 0.6398794519430075
0.20611944339437044 0.1459328660156026
0.2031622060558977 0.1321360973040455
0.21781886983799376 0.6398437191281455
0.21177888441573925 0.1525267556998546
0.21495895417576535 0.14792825086396455
0.2321312101709344 0.6391644954692335
0.229897471430171 0.17593855297419117
0.23529250638567759 0.16013314860500333
0.24311854500140195 0.6375899031292878
0.24164065069241922 0.1953840287817646
0.24338608900446396 0.18605377466485
0.24401884541330102 0.17004782056886164
0.251429647670325 0.6341036460877149
0.25873408274777393 0.20964211652708878
0.2512938411199638 0.19444455459100704
0.25569725629304313 0.18124881234456394
0.26240283291213184 0.6377926712736072
0.27089277356622127 0.21647970523885554
0.2715866550993174 0.21326131705457663
0.2625360817138732 0.19026092138731332
0.2798147756890122 0.6385232189626654
0.2824998352108427 0.24594257474586043
0.2886321223866002 0.23038423714962017
0.2881270584711965 0.21194538122194198
0.2752963787270573 0.21239139932408707
0.2990944864035803 0.6301318867273129
0.2851762027078632 0.2464495536285819
0.29318349034132746 0.24669227754927534
0.2905472565453045 0.23435272237183497
0.2928055808192759 0.21662058385369468
0.3039085675311748 0.6402520623769756
0.31481979345407124 0.2869747652936746
0.3106017886102111 0.2654392938928319
0.3016361472089617 0.26098698849799945
0.30577591353185535 0.24692081831588533
0.30259331419661134 0.22623115317912734
0.31643235583860535 0.6322130646963416
0.31707536008139103 0.30405967376360077
0.32511128218249385 0.2955455308670345
0.3156710540297585 0.27658471894587877
0.3190562606134489 0.2756845822353809
0.32398144078507213 0.25964802788744934
0.31749806415596793 0.25060846688371324
0.32845634237757154 0.634838492294501
0.32892135706476433 0.33370916936105455
0.33123244789868483 0.3212531463017008
0.33251538677233206 0.2973094963229372
0.3301610358524666 0.2923781378984111
0.3251304079563019 0.2764398698354219
0.32840574548136336 0.269876791723925
0.3431953780469917 0.6300356417258494
0.3384653370627204 0.34902063338188444
0.3387599249619894 0.34745131779998045
0.33597551600599784 0.328349807274094
0.33590399637943796 0.3096526128390411
0.3401732402735842 0.29797337168475413
0.33168401554322396 0.296184535559214
0.34083236721885485 0.27881539380724496
0.35564174825085093 0.6352910670791813
0.3510842154579852 0.38648670724557793
0.35464963934131283 0.37646126958511505
0.35046135170298043 0.3611196340789344
0.3538455325018616 0.35222329700911975
0.35344913954722634 0.33874547719766035
0.34958537844725945 0.32319381703067745
0.35411690267055 0.31930097663748125
0.35719188377717875 0.3048862295616649
0.3629811692708354 0.630362793557287
0.3627857223726468 0.4202881377433578
0.3734476755574761 0.39854623344277834
0.3696538413601172 0.3876815783334471
0.36614251770630624 0.3770870389438419
0.36520888660981526 0.36130894217123627
0.36474821313429306 0.35148840281320837
0.36343168406176046 0.3436921556231375
0.3679763605337949 0.33205803158078745
0.37679649004132254 0.6360254238034047
0.3783673698410372 0.46917476576101097
0.3822124771982666 0.4567395416105907
0.3691518598090375 0.4394276516975659
0.3793530141328562 0.42886213461032313
0.38497508159462784 0.41500696617296023
0.388818913694381 0.4036395638245084
0.38254837408926556 0.39159384440617245
0.37675161688392705 0.37248742550258085
0.37057562096543645 0.3631006791263093
0.38572051498004817 0.3602111430423166
0.39697079459123924 0.641703305745738
0.3886372413920124 0.4947504788938523
0.3857086678845285 0.49439312654866563
0.3837659195133307 0.4691586114639008
0.3894478625352785 0.4592126779634987
0.3860802907917538 0.4511860727502923
0.38995885460162694 0.43515373713224803
0.3885088730012047 0.43423663162996734
0.3971170058857186 0.41847589364121834
0.3918612027882363 0.3936881210964926
0.393952521243338 0.39093377843820326
0.38986414296634453 0.3754361445203568
0.411166160860564 0.6434478907001627
0.40077940539602225 0.560770981773239
0.4066746895745688 0.5546648114906229
0.4035784770195149 0.5321132071849907
0.3994740453394361 0.5193864081052985
0.4034548445856258 0.5203815021277249
0.4009873241451864 0.4976580511397458
0.4047139244179596 0.49224218137475895
0.39752000937746307 0.47835490617813775
0.40213926381174864 0.4643699565599274
0.4025953475674595 0.457164655171371
0.4027441377496402 0.43816053071265854
0.39920628244393624 0.4303819608546602
0.4010358707849292 0.4129078304641636
0.40881969035159155 0.6424286903697278
0.42074173252294506 0.6226657956709489
0.40799558992377877 0.6133325200018109
0.41644590696998945 0.6007597545213538
0.4158435493146603 0.5821225982953546
0.41011281710167713 0.5705484121347472
0.4140569341795079 0.5590680734692897
0.41185643439546016 0.5466103609687419
0.41324460114161937 0.5385903046202938
0.41130802350359513 0.5235673795404991
0.4112168187154479 0.5058808305477164
0.4159538532752929 0.4951976689237936
0.41479575141793207 0.49166173570409843
0.4104443613498156 0.47833087811975694
0.41196408780897736 0.46458429964572656
0.4140642950600966 0.44760743335610903
0.42917644936374183 1.006233831924865
0.43007042320595207 0.9856449004490926
0.43461718019083007 0.9783812575184734
0.43129249552597704 0.9546484990238698
0.42085032764016655 0.9501691214149138
0.4253854692766016 0.9365292694868619
0.4234704815813372 0.9205949005655787
0.42473588333036866 0.9134292483219747
0.42708433199064044 0.9033788663425263
0.42588970298460077 0.8887692140907022
0.43011350006618365 0.8775613786358735
0.4269883740507276 0.8624022271253345
0.42380739208701057 0.8475613254627197
0.4300919920556228 0.8367478051792941
0.4212583301381779 0.8261015721483541
0.4230770392796804 0.8093495595889684
0.42352105161364034 0.8007561419057373
0.42663805963043466 0.8061887600809798
0.4217553147149236 0.7755875394760777
0.4198532826334346 0.7723708535166189
0.424006103237294 0.7550909812826362
0.41888124583780184 0.7407459098842327
0.43223237700059863 0.7250424351433084
0.4236895483841253 0.7257940919966346
0.4248987118311197 0.7038595233789402
0.4355015783425827 0.6915395104751523
0.41738314650915886 0.6823370124166283
0.42625934035246127 0.6752401563134804
0.42896181403633576 0.6539974597617505
0.43410769273449884 0.6459869489074141
0.42301886788749055 0.6320210515403004
0.4241584217009293 0.6249290203548223
0.4208299888950786 0.608069456436465
0.4259308943977948 0.60270139075553
0.4332256203407336 0.5790462869899311
0.4285285128698986 0.5708082869794481
0.4230460367462597 0.558300725541391
0.42782300104778676 0.5435297234635638
0.4228539888569651 0.5375192933287959
0.4272934261304382 0.5228299578217589
0.42503744057083254 0.510528054900264
0.43211269021705606 0.5072274792633509
0.4376938140501673 0.9858481437912296
0.4372271261168122 0.9739975606067205
0.4396260354387847 0.9670084507353628
0.43788549915688485 0.9551245257438735
0.4338875683881275 0.9334866983114679
0.4389838042342987 0.9344920422125375
0.4386205597614351 0.9155382591001435
0.43448369268912057 0.9044356128438248
0.4431973129722203 0.8928995867517282
0.4435084585467342 0.8822421295647119
0.4346167946686673 0.8652065638185437
0.4388976448356153 0.86147656864427
0.4424354854849815 0.8367603930423887
0.44049776447076344 0.8309057584921434
0.43960060701420905 0.8117552439327572
0.4343128208916119 0.8017478030189359
0.43928777834092714 0.7867840970254889
0.4440542654452154 0.7864535687970597
0.430546311128651 0.7704122301467102
0.4315683927302506 0.7556011392059595
0.4344344302952161 0.7483002130740007
0.4401946486208203 0.7318584492072866
0.43528641094011294 0.7227795526336245
0.44027747210136164 0.7045466110698718
0.4352651242242577 0.696493571545707
0.43504613502395356 0.6829964940967653
0.4339185320057374 0.6750549631462999
0.4371125676905017 0.6620918387466775
0.44765117360058077 0.6476132195135643
0.43799302162079606 0.6309701975022697
0.43569181629671205 0.6222489912081022
0.44285327776094996 0.614713387552519
0.43533844433650015 0.6017447923323697
0.437363870484947 0.5908112209719949
0.43883523638126654 0.5713831249231943
0.4371464268618542 0.5636994860059007
0.4306629826495885 0.5451637972474119
0.45325954475573726 0.9937302177257523
0.4473741217293258 0.9785801253954184
0.45244105000070034 0.9675753273692717
0.4496229494223236 0.9446608314819747
0.44842554573671767 0.935477672254918
0.45271630449964906 0.9339754522733833
0.44882243290233953 0.9218783495177024
0.4522789947485601 0.9056481250152358
0.45258015864378187 0.8865586629496564
0.4575458939487365 0.8728240408747756
0.4464088699628796 0.8659502266083
0.453340741456909 0.849446926458181
0.456459772967696 0.8429770377441292
0.45241797435669956 0.8288003247192219
0.45126942751986043 0.8211158234788092
0.4471970244893466 0.8076636848826566
0.442613899094355 0.791960739374704
0.4544329324814997 0.7818540326862219
0.45078429780607854 0.7698370997718064
0.4514633493843911 0.7530058072987
0.4519840210888901 0.7425448567365209
0.44895371623199765 0.7286832132836844
0.4472633553877759 0.7219117969018212
0.44992736989820425 0.7038112892813361
0.4573413171581106 0.6975483985242977
0.4542564080375052 0.688659890829982
0.44960999945046237 0.6692327883539434
0.45117684881734593 0.6635912082016889
0.44105025613240834 0.6461983970391445
0.45305724974780165 0.6337559379202071
0.45534772863016904 0.6188183772052817
0.4490095004730416 0.611951442913498
0.46005827588351056 0.9844737000831326
0.4585069807351699 0.9725476421825558
0.46466548372276184 0.9656037742592974
0.461736297643665 0.9455715707556028
0.45937693135312685 0.9396062395180355
0.46039253913819905 0.9299596617582344
0.4583991802682061 0.907543986431956
0.46680264007912375 0.9026443499138139
0.4691640992736091 0.8943456217219684
0.4718593151412969 0.877736449841771
0.4573213088168342 0.8675577787247702
0.46617286664289304 0.8515888907664406
0.46169120638302313 0.8347332665844515
0.4585073647386038 0.8287347691982907
0.4661824459810925 0.8174965527894484
0.46844080206570354 0.8024300983027038
0.4641801174541505 0.790453003377575
0.4547723046219876 0.7761064127814097
0.463421477589998 0.7636376553872543
0.4702991741263094 0.7546965512731573
0.46526341101157426 0.7432602437883544
0.45465505341415113 0.732254467711847
0.4610806095116312 0.6310873221359665
0.4642332301233633 0.9718563427219993
0.47713840456961176 0.9696158014921566
0.47444565249573595 0.9506165136392384
0.4828146276185626 0.9426883181751382
0.477552660189937 0.63841913721975
0.48548499099316195 0.9754940436475181
0.4894869999157747 0.9619731424841239
0.4871154933173895 0.6323355413094949
0.5099882337587597 0.9679972541745537
0.4960126238622396 0.6399489016610852
0.5030624137661561 0.6250618786587849
0.49395949332455713 0.6159359703727849
0.5132020410224571 0.636944829871791
0.511396806682566 0.6003265263790792
0.5069966124145459 0.5919847773680753
0.5093729510288904 0.5725005915246715
0.511898459339568 0.558383021723773
0.5057142302686154 0.5518302619105072
0.5212070343871206 0.6315875080041489
0.5195491654343157 0.5657456285019393
0.5204587165076829 0.5497629326561734
0.516800047643169 0.5389165236373203
0.5280612459314084 0.5285727151434845
0.5237431688731334 0.5133872032861034
0.5381577414339004 0.6336907921786833
0.5380626715154952 0.5296248062201144
0.5388502879131556 0.5162994436653245
0.5393464069862546 0.5069117046471465
0.5305514085181615 0.48676462447476176
0.5385046963714791 0.4786338613081392
0.5499371447019142 0.6388212403654772
0.5461189989600062 0.4796641458019661
0.5449198833068842 0.4757315349848991
0.5495636555495474 0.46329218476260503
0.5432209122005878 0.4549332438688022
0.5425791587803029 0.43901821994945567
0.556557338702621 0.6312643705501174
0.556658469325204 0.45061593675917777
0.5585849730262509 0.4361808674269421
0.5639629419554929 0.42865835765880794
0.557050919863265 0.4135713726226007
0.5670915944002936 0.40143356389766166
0.5734437035216331 0.6388200510089554
0.5724541344832583 0.4219339804382918
0.5803766741031346 0.41148494576353567
0.5696926779804378 0.3998247072247964
0.5718833905541206 0.3909252653391315
0.5715355796144547 0.3812058335548912
0.5815536226355651 0.6339170127617093
0.581268498201804 0.39881387076937613
0.5849230796298492 0.39209782958109346
0.5841484281903135 0.38144664248048593
0.5866630147995788 0.3659822823042949
0.58413136827381 0.35721071245172725
0.590311789028282 0.33817792975252536
0.5955651078496832 0.6239750192013295
0.5944646609507453 0.3796288086080449
0.5978135909849775 0.36311445264492087
0.5980951152189202 0.35639451711927217
0.6011897117500558 0.3334746724162846
0.6019948727163269 0.32850513324927616
0.5917289820105209 0.3151760506000558
0.6112287294351475 0.6377704470048815
0.6081312615934539 0.34040240728938753
0.6063306758923097 0.32629563438158515
0.6130318864679659 0.31830936588988124
0.604021111948606 0.30409982253830703
0.6178736494915067 0.29276732497726365
0.62157101955053 0.892374982255554
0.6193434908667395 0.6300577529344262
0.6180072799338503 0.3175723455807524
0.6212246784693118 0.3000819686482216
0.6143510011727011 0.29126189129822927
0.6198752569070274 0.28182295780109956
0.625258971532086 0.2686367879944912
0.6340496803589822 0.8847569083267384
0.6355040195495026 0.8730384221473546
0.6355812694377853 0.6343913973005814
0.6306104223087184 0.3049361549686686
0.6303490238731932 0.2897967360956291
0.6449434494637999 0.2799426481409235
0.6293736256453205 0.2661846905898115
0.6316780960080296 0.26080152789559063
0.6363066278961749 0.2451366650584202
0.649956511947843 0.8818601110911448
0.6533065225870038 0.6329487875454298
0.6480815196941622 0.2773283575250622
0.6415807884880181 0.2662296609920487
0.6498390572834445 0.2538746263565753
0.6480744425156235 0.23837753040599138
0.6464268133724456 0.23432076101074514
0.654711694046758 0.8873588945127509
0.6548012276362969 0.8606508147701345
0.6558274594146261 0.6319150777689182
0.6602840661811714 0.2708067168777574
0.6576439507525982 0.25634558664276264
0.6628156640411984 0.24264926466510978
0.6574000299060496 0.2273780268858012
0.6571741652162861 0.21998374755673597
0.6583915543239555 0.20840839769614855
0.67326220752439 0.8777613265510876
0.6674880800810745 0.8638086677470985
0.669946861347254 0.8517330553765994
0.673513445668114 0.6320492218773788
0.6712318464570672 0.24633208285414854
0.6676370580760288 0.2332617847058673
0.6739031371762627 0.21311343515681358
0.6756948098878466 0.20851647856251035
0.6654926228363739 0.19856909281553736
0.683383526806979 0.8629418945389422
0.6753849806104447 0.8457303162590752
0.6873321761866075 0.8388240991483931
0.6853317233524039 0.6330529746148555
0.6821962351041672 0.22724407280033318
0.6753472143255748 0.22288471433613677
0.6821349074616976 0.20759003986354496
0.6906055030410173 0.19215046020483656
0.6836680814613 0.18343764290076947
0.6806897519568104 0.17494682842286902
0.7024052668462154 0.8612934765337288
0.6902831426714139 0.8522369426405327
0.6964841421735234 0.8382419536489228
0.6952658536787634 0.8297710595636548
0.6924712100332132 0.6366347963749845
0.6872008514184121 0.2028470479514515
0.6884507131209275 0.1953864678189877
0.6871136499282826 0.1811110723211548
0.6913385529956012 0.17205242142108843
0.6845362745196033 0.15787529534568948
0.7079005594606532 0.8565584880558529
0.7036838826056974 0.8443780795918814
0.7084084350903544 0.8259178397684024
0.7027053152846311 0.8110510669073892
0.7135444732274862 0.6379239715801052
0.7085525979986295 0.2001626542486055
0.7070795310925739 0.17886971330593981
0.7075015443057447 0.17168662069887378
0.705156030987034 0.16114803360958996
0.7041020825095202 0.14690924508832462
0.7180389483918209 0.8521142447184687
0.7133578226620103 0.8447423884569727
0.7256011611775687 0.8280617671030869
0.7161425613502479 0.8223557204910428
0.7185900808398765 0.8063060416856356
0.7284097175077238 0.7939287011646058
0.7167211268016204 0.6325055935870691
0.7269933696203328 0.17642318948109495
0.7289779576228351 0.1718084277197475
0.7224410531675153 0.15105520080566648
0.7137717518538477 0.14420160832754406
0.7232863484789577 0.1329105976531689
0.7363911562885407 0.8435985893407778
0.7273189903867369 0.8317643839323611
0.7336802513462162 0.8163684927693978
0.7378149782404073 0.8091903173718987
0.7233852953875872 0.7954968685585062
0.731586768693349 0.7746004834271025
0.7253533853582761 0.6346052226426248
0.7347497144341404 0.16727028311435962
0.7303311567449782 0.1569487039354165
0.7362906719831417 0.15039193617843183
0.7234017051586198 0.13423249900044856
0.7307283801349547 0.12667754382462293
0.7398255712274722 0.8304807091981282
0.7397075456025116 0.8134346173363415
0.7496151357845444 0.7986140534152937
0.7449593455044412 0.7883884719810808
0.7513464608268449 0.7789579490569054
0.746369194779143 0.7609153780725993
0.7473755982026968 0.7631652514192576
0.7442916899787453 0.6328042359823975
0.7476642075450635 0.16353827923220876
0.7379589716456068 0.14733002283194502
0.7448011834448268 0.13039797913950749
0.7426032218247574 0.11996497138408922
0.7430826213342049 0.1070053582000808
0.7471901980303997 0.8193258698348334
0.7586437661928124 0.7965275631804675
0.7553756126000909 0.7916214062059345
0.7558007844151596 0.7797650948175986
0.760521956592961 0.7687500305443862
0.7462218371711467 0.7569946898512605
0.7656123431972355 0.7517406895769302
0.7579204734644286 0.6352456464867844
0.7559803904991974 0.14547715311457793
0.7546647300966732 0.1370064814930708
0.7590422037822365 0.12152741133189982
0.7580842839461424 0.11266483482810499
0.7563340566334656 0.09693143980251996
0.7693135838445467 0.8077117023068151
0.7739045997399001 0.792207792588375
0.7632802987879354 0.7848720565561326
0.7691862773401463 0.76426281364903
0.7640087797827557 0.7539463337217358
0.7720580167933989 0.7419557325579439
0.7724184689724916 0.7287957442838783
0.7692975979987324 0.6361740513314265
0.7687657365557111 0.13571607750307488
0.768811737723416 0.12252662044182609
0.7687459838446773 0.10681062130649994
0.767593911348916 0.09621009804017391
0.7665431656679909 0.08219154172516765
0.7770885729117611 0.7805308950269578
0.7807625969067677 0.7720037234973314
0.7795784775355222 0.6367194835134061
0.7828144282875891 0.11901097775182846
0.7813448337052704 0.10792509746435912
0.7797556532798414 0.09635114960965681
0.7822966761687958 0.09286971293191097
0.7748878219058508 0.07671744356677289
0.7870578161487523 0.6340785785922808
0.7935293877090288 0.10640007450489881
0.7919411732794984 0.09498521607983258
0.796731258766604 0.08621145761259441
0.7954739864619699 0.06530651371807462
0.7982693525402709 0.06216715438353212
0.8059109851577476 0.6342341742867564
0.8031650110649622 0.10746537699594766
0.8035907949858488 0.10009279472110277
0.8061763226496113 0.08368970504014352
0.8104653279532138 0.07969214104252657
0.8009197391740991 0.06947625908307273
0.8058384129123275 0.04502769868886625
0.8182827023020073 0.6468584697917111
0.8151722149412869 0.6377366928143808
0.8131111172454653 0.09187517148598945
0.8204062323669716 0.08658852477543252
0.8201272752995914 0.07280730556637398
0.8181690779776576 0.0616510612678884
0.8165370560208683 0.053977436397514594
0.8183761735911772 0.03547256089778037
0.8304543150081938 0.6418374825149382
0.8267307473801759 0.623089453835477
0.8330587623476202 0.08419994953328679
0.8272997182077159 0.07343168559043459
0.8303246077278071 0.06210738650687132
0.8272822731957701 0.04745932398525426
0.8309108790126164 0.04177207343128159
0.838520477870634 0.6677605206743573
0.8422393300111413 0.6531481546104337
0.8420436485908871 0.6511852194753887
0.843384073112787 0.635195467686696
0.8449064032838915 0.09230369709306241
0.842582174483507 0.06591069928392948
0.8386949033870679 0.054334736962538294
0.8345952507208233 0.053816205700068974
0.8473260285561943 0.0451991142581315
0.8362980730630711 0.024559434897862477
0.8518332565575695 0.6848160234963663
0.8503669295652971 0.6660817007869934
0.8535294019068226 0.6610315531076874
0.8527207198374642 0.6441800297898979
0.8501393838579738 0.6326182180639068
0.8540557474037247 0.07010678118055697
0.8523248643613712 0.06030435724279879
0.8514837143197174 0.04985599935378197
0.8507441810296619 0.03165876168834619
0.8594309956293131 0.02687614219585588
0.8533494401163362 0.017000690870946758
0.8709289771725878 0.6880744939050649
0.8625731839523564 0.6784789627392394
0.8669292299449256 0.6776916747382701
0.8650921914261874 0.6574988709273031
0.8647993181660014 0.6505829371320577
0.8690112984948527 0.6331191515321348
0.8586888229007726 0.07043867068438406
0.8659827378904691 0.06119084752544955
0.8663670474385823 0.04408128142776454
0.8645517001358414 0.0332984968130999
0.8668123569037215 0.02800575133458721
0.86551344148123 0.012091367687498177
0.8744557542960794 0.7009816154080595
0.8790560099798163 0.6884254397154674
0.873377283924478 0.6682901828087932
0.8823569268185307 0.6534118848420846
0.882851369841594 0.6445443832199349
0.8849850904468448 0.6373306863690491
0.8797075681798472 0.0634767264363763
0.8810400570239632 0.04878866749038923
0.8804567801356018 0.03360046452532772
0.8828296290841396 0.019848345764442346
0.8770111421990178 0.009045186838286532
0.880127354719397 -8.775328094556063E-4
0.8888021111456013 0.6821531649821712
0.8887120845173379 0.6766853197162761
0.8866847347438073 0.6615837725348113
0.8962390565806434 0.6478489022165268
0.8903790147579411 0.636368451361496
0.8930745099441697 0.06764262995979767
0.8857271075802298 0.04435990121587819
0.8907682878365815 0.0347100274912733
0.8924870806212871 0.019478143471256107
0.8888315056169643 0.017352292119629648
0.9068974707598126 0.6695976153422583
0.901489473496046 0.6632666809757818
0.9035219792121031 0.6432179845068785
0.9008392135721702 0.6339692426240281
0.902712047438844 0.057902396167480163
0.9003029612070106 0.03624587009288308
0.9095127338538692 0.022351492360463528
0.916348444850197 0.6573506626463199
0.9130198794381567 0.6411367036836241
0.9177816696299512 0.6382408079851958
0.9143022907913086 0.0498228211949872
0.9105285715286913 0.03575297991477781
0.9285073664023206 0.6486810686365156
0.9257017118945889 0.6352177228912208
0.9272644554690003 0.05123696002511976
0.9224654147142574 0.030681037239077405
0.9305998945249964 0.6392547880401789
0.9387872655039609 0.03652951376130976
0.9480322791069826 0.033523436621151974
0.9576743384522963 0.0332875911642719
