0.001676634398297979 0.003071936953778677
0.011309838359940694 0.012524638648638908
0.028957291922625448 0.013531827853288029
0.040173045701545944 0.03097398702977229
0.05174112816570393 0.018395222218199676
0.06710243829711833 0.03289047523061432
0.07125177464628007 0.03833180643064251
0.08951584727339107 0.05152434140032458
0.0946090795036264 0.46025132610913044
0.09787528916446034 0.04310477302309561
0.1189629607116159 0.4760231290809522
0.11016584861993642 0.4704650921471342
0.11627295487585423 0.4581070873698125
0.10943351415689478 0.06249907862356688
0.12435302994748675 0.5070509906010774
0.12380057626978931 0.4993007771632915
0.1282289528799533 0.481068200578955
0.12214465636995651 0.46752058873773805
0.11922375978916958 0.45894107350478774
0.1200835112133323 0.44281560566663863
0.1243733748282608 0.06844764016625011
0.12932285274845823 0.0674940468499709
0.1272840999733932 0.5131075022022378
0.1329615317495631 0.5105180269226121
0.12828349114206955 0.5027855718368011
0.13701772127936232 0.4851097452263685
0.12793597888697075 0.46996379964818846
0.13524977125679688 0.4514207787355071
0.13765322233139818 0.07230805797123727
0.15013610383224718 0.527835783105584
0.14651082674672813 0.5211056196669358
0.14337413411021693 0.5078346642918331
0.15078892214882247 0.492439390869977
0.14903185209332728 0.47943420950074506
0.14584646678883437 0.47408166910957766
0.14979120416090286 0.08814776313408024
0.1479997685445159 0.0816320417725351
0.15927397393398868 0.5393816599813952
0.15923201561228675 0.5324983609928251
0.16456702693847214 0.5177767810586213
0.15727478389139152 0.5082364805909508
0.15694016309348882 0.4946743944993601
0.16224338488951623 0.4759950402877806
0.1628456078485012 0.10161041210332299
0.15797097328933932 0.08910971432762503
0.17867020787783167 0.5618961301721747
0.17964490497187663 0.5608502374139035
0.1761328933423204 0.5429206233146274
0.17627214024003685 0.531962118986788
0.17617336207799408 0.5196844111701296
0.16808387094497942 0.5001570059915083
0.1728928666421879 0.4972185213381139
0.17606281062258516 0.09917094497368287
0.18561691045320758 0.6024778444013505
0.1807216615335714 0.5880845966374435
0.19180242013670165 0.5780386482673205
0.18399663386906734 0.5639664935770842
0.19161815074288094 0.5562796276702598
0.17750147108387326 0.5461600221358828
0.18814944326318223 0.5298305758568329
0.19242800247132708 0.5176810000058274
0.17825088999939964 0.1093842881298388
0.18329919855708474 0.09620300339783612
0.20810432674989715 0.6436504416902697
0.2012859671479831 0.6371625612647276
0.20011898001814044 0.6356723963659132
0.20244703084628085 0.6156847856245634
0.19974006498752428 0.6036434018854089
0.20226767203891938 0.5814319031502339
0.20599682633553598 0.5723943910546482
0.19625879511459857 0.5644039816054595
0.1961906958500738 0.5554905691727858
0.2035415103079426 0.54324941536096
0.19838135000804794 0.1290418030506969
0.19621930914850752 0.1080374712942544
0.20206698308957396 0.7103099602275924
0.20484485744340408 0.7038164120240503
0.21274964880134478 0.689918503055756
0.2154029688117381 0.6816835859046567
0.21942886095951142 0.6698330432711034
0.207176375207838 0.6523283527794479
0.21144632717048337 0.6367289486294626
0.21384562745698896 0.6316206409361543
0.20790323249981396 0.6166494275475132
0.2065308744434461 0.6041813466265179
0.21306550112581216 0.5914552684135322
0.2122027805760731 0.12101129360405675
0.22240288676837036 0.13537870271938915
0.22829542143820084 0.11958017526365484
0.2295113457181252 0.14393891371752335
0.23317932847791298 0.13529204138840809
0.24578970947027734 0.16178279698549664
0.24392049409758174 0.14769278373738723
0.2593688551339088 0.1777810409848413
0.25916900101257473 0.16598721717550274
0.2512184605137951 0.14905562432818675
0.2735862192790751 0.1883699995883495
0.2689848066814082 0.17710316082549207
0.27480216448947153 0.16430485822254953
0.28290721810492114 0.1785243849724408
0.28052705375855497 0.1698118947696964
0.29725071939360614 0.19345281315322693
0.3062379905670502 0.1871035263425025
0.2993224130313908 0.2175970753581828
0.30753510732574796 0.20362372607179374
0.3109800440059367 0.19572069437747683
0.3071682687731909 0.18529885137255808
0.32688135133036106 0.23821991851455693
0.3187491171811549 0.22029251687021298
0.3174717050424188 0.21089905046500465
0.31966877288267126 0.1981505426598135
0.33308144910934145 0.25057979834449384
0.33958574581077317 0.2310794484925798
0.33804435039755226 0.22294431013055166
0.3315151010194195 0.21647032230597923
0.347661636019022 0.2579261581439651
0.3423466974878738 0.24685315524256843
0.34316623705425203 0.2353689035077514
0.34807703312104016 0.21739990718583171
0.36155714011254847 0.2818217759656789
0.3527259061202239 0.2704646622949337
0.35486749393890904 0.25975038753704366
0.3590163286003059 0.2464233973632257
0.3551164838737741 0.22609681471630563
0.3729705910425867 0.30417989409752816
0.36589420085069724 0.29377380420074983
0.3717371033883798 0.26964203769577244
0.37180697509665883 0.2612940382202942
0.38225155262853333 0.31524323952112127
0.38188129223771106 0.30687420995098663
0.3837127717779575 0.2950609399986814
0.3744701010755467 0.28427676107731575
0.39061761272729384 0.2680417845744162
0.3951834065074864 0.35456385663371853
0.39802921287800785 0.33913508914555784
0.4009653306922732 0.34086785174051293
0.3916827284258821 0.320088061673642
0.392352673909246 0.31203668761357484
0.39061486204753026 0.2953447156871834
0.39061781032180604 0.2854612740596516
0.40761282884773464 0.38015925627613123
0.41530264462333794 0.3754204153842944
0.40034349523118445 0.36515647055604944
0.40231065644925845 0.34677125088442556
0.4070288097473264 0.3351613099322635
0.4075988580226559 0.32331440734331546
0.4088692660009484 0.3029849239918821
0.42158550577554227 0.4159162449914685
0.41476708910844706 0.4031219631748472
0.4205454205377407 0.3945672267413828
0.42386835150073277 0.37641923422296053
0.42141858136037735 0.36884941842426816
0.417785821683677 0.3580084206511746
0.4191770689418975 0.33757581815952414
0.41773818311225136 0.3365834373726906
0.4277472869295334 0.4642683746034071
0.43448166844864416 0.45136328002073195
0.4385905485457902 0.4433431006716189
0.42836000962541976 0.4345451836836618
0.43613326387492296 0.4183093704238385
0.4343254484935117 0.41178793929202073
0.4348672442281211 0.39357079926329075
0.4271568873111255 0.3834690679579819
0.4275259342617755 0.3684339226716738
0.43261451713892785 0.3612289963653389
0.442030641296229 0.534192597631304
0.43862788460310514 0.5195829262233128
0.44117262806436136 0.5019259134117706
0.4397390403291278 0.4919838296929438
0.4414621363414977 0.4862556406260194
0.44117489455724845 0.46495613885146597
0.44303166341582684 0.4600582735871935
0.44266646980349084 0.441319606347945
0.44540444906602866 0.4330508720316918
0.4476510910827198 0.41850472061794175
0.448518020960122 0.41072039083578105
0.44375140913075695 0.39433912889534717
0.44433294434291065 0.38362780560768023
0.4520248232309881 0.6288723061278649
0.4529725033248732 0.6154032342308365
0.4561271120230696 0.6070304731479077
0.4584350153259993 0.5908676913168558
0.45628605715047826 0.5854703658208309
0.457560222733796 0.5637856029484317
0.45846642229909934 0.5503399337483584
0.45832451075282754 0.5429810988661408
0.46214156424668806 0.526344986799818
0.45490727541655124 0.5166178780844558
0.4557816580655603 0.5021097411683836
0.4528084253643311 0.4936137126265642
0.45397647090964205 0.48160592691153103
0.4607752863710518 0.4676187657796211
0.4632465046411575 0.4528330892269492
0.4539867548005714 0.44395727217479813
0.4544120037302321 0.43249621449841885
0.4536552664856412 0.42100406523302714
0.4668203179496531 1.0028267392512242
0.4682154916768998 0.9928173218079502
0.4667374422593108 0.974130840414813
0.46857520772916733 0.9646750352201323
0.4655801634481246 0.9431361960787622
0.4730365108874164 0.9453735389076284
0.46651456852064394 0.9255956988788611
0.46442920998082876 0.9107864453454622
0.47561747952132655 0.8976705345713998
0.46677085956447195 0.8910727109941114
0.4726195455943133 0.878661188626122
0.4744868062318162 0.8675063514032887
0.46972606462495975 0.8544393830423239
0.46076630191874063 0.841692481572723
0.46966651070357746 0.8322077747470569
0.46213221639953894 0.8125612430889806
0.4680323905240237 0.7994781150760657
0.47147700422516026 0.7846321903449748
0.4670843201929059 0.7800038041630212
0.4677109874345315 0.7655650173490147
0.4754235527915172 0.7565245514511684
0.4726285894843107 0.7452235011338563
0.4724259292045735 0.7289070033573076
0.46450299110754134 0.7162410237129455
0.46889174793438076 0.7059454683024144
0.4755768747385539 0.6856194503454209
0.47072589970005885 0.6815952205491883
0.46697332777212125 0.6715718024693799
0.46771305137006886 0.6588821498034787
0.4738682804779002 0.6424071834415725
0.4770059372166289 0.6270416260722
0.4641503793858043 0.6121156574790904
0.46691717871539934 0.6033763827671708
0.4692241149860081 0.5953667272402933
0.4669693100051307 0.5857365249592221
0.46215774106386964 0.5662760013180641
0.4689513277403498 0.5511835112810024
0.4729665995838012 0.5414018890776909
0.4671260634984247 0.5348486791463585
0.47025740622538964 0.5258581229466669
0.46946122838548293 0.5033877982733108
0.47625352189284653 0.49736388141165666
0.46110780802205165 0.4860860278459332
0.47170168605304374 0.46780366910857557
0.47561737245636926 0.45647169675825516
0.47646577274724083 0.9986222209240322
0.46875331235703854 0.990873310452326
0.4835257283495416 0.9757873946706136
0.48820692273019445 0.9635994729404995
0.47523975564515963 0.9504975843897994
0.48292669672871175 0.9343349789583402
0.4803083507324664 0.9324491119307292
0.4819618645496913 0.9174946528435709
0.4832219806886633 0.9085041777153383
0.4823413782580741 0.8939390517174299
0.47904613814813873 0.8732866506133123
0.48131406013456096 0.8629268448807004
0.4832594624653927 0.8550001776459847
0.47439677704713856 0.8433451450549497
0.48281814548740754 0.8293556460204157
0.47707841744574 0.8145006576988605
0.4787007218094835 0.7929323776216654
0.48394178874041444 0.7882811058356461
0.4741480457001688 0.7749285671917718
0.48515024838744636 0.7596322365869913
0.4833822450624766 0.7589683130586068
0.48441130876352506 0.7335592795600505
0.48038480744887435 0.729233849371254
0.4853416848190678 0.7178805673140839
0.4874502279161926 0.7101425470800561
0.48259239588259056 0.6959065004765668
0.47644487619192455 0.6819816384567483
0.48627372699251503 0.659493644948963
0.48593962755193687 0.6638667320104935
0.48252334520837115 0.636828252821127
0.4835449053081464 0.6304887148285834
0.4813898588693744 0.6118510910200001
0.4838667602427891 0.6001223450610198
0.47806794487128573 0.5958797419171485
0.4849419992053887 0.576862937350934
0.4865905631975302 0.5689347224848001
0.47971514320244446 0.5590733323993294
0.47299879983098037 0.5334070431759363
0.4829764809208521 0.5211280117623056
0.4820755287787643 0.5207612129332679
0.4931775714016755 1.0010880795830917
0.4952914310645282 0.9899069843087099
0.4906347390945391 0.970324583717956
0.492848049829837 0.9694206263791245
0.49086191810971136 0.9498285783317948
0.499800922976212 0.9351349737791471
0.49299970197025345 0.9257567704554291
0.4968431567526281 0.9091618966443813
0.49452669223342266 0.8961963171546327
0.49406868756325995 0.8797120605165896
0.483287947713011 0.8770959294437238
0.48746875806759327 0.8653866740232606
0.5010821923204642 0.8462880776810483
0.49515863527452025 0.8363643481207166
0.49866337493450985 0.8287807534471215
0.4946407894795924 0.8139300585451863
0.4928184556691911 0.8000909345081277
0.4971786715549598 0.7927298491223136
0.4876458352662624 0.7772264654572469
0.4987728711083529 0.7694305489837102
0.48578320306477224 0.7533213039318156
0.48814045261373856 0.7427733405492877
0.48642931606666956 0.7323757455894945
0.49469447896801155 0.711466665647173
0.49586303862036496 0.7055055764019477
0.4919565921501697 0.6910478985215169
0.4949970113348321 0.6789690733759819
0.504647753353362 0.9918397577368652
0.5050909248579023 0.9731589207714388
0.49992837547102353 0.9630570693636862
0.5098822588727534 0.9493941410423044
0.5060392599688646 0.9348553822507001
0.5004884326230364 0.7920632728306759
0.5040104098578413 0.778703054933704
0.5085811635759264 0.7641366774702806
0.5065092578160463 0.7548830100726484
0.5079770705867519 0.7384401124108244
0.5102581371573193 0.7287538633769768
0.5006919182187846 0.7129788220919128
0.5085233171220784 0.7000808374115661
0.5062826747812346 0.6915948094631259
0.506588337892028 0.6748436985620871
0.5265951631724269 0.9951711275214548
0.516829904498163 0.9759771351580179
0.5170124648594298 0.7005948164219915
0.520865634075518 0.6875610927651724
0.5218524181137019 0.6856421068981375
0.5176724416545 0.6672487562707881
0.5218934656625027 0.6574954852309648
0.5149736304219509 0.6439762870879977
0.5341519351594985 0.6321245910267838
0.5335097569408044 0.6264025014535369
0.5288931252634037 0.6153337816656999
0.5343295313982143 0.5990131866549332
0.5212534961183012 0.5922276566687115
0.5289922296313938 0.5843258049714894
0.5366074196783743 0.5920092669943751
0.537261786306714 0.5792060391443299
0.5443700049740806 0.5692718682957152
0.5476018986879109 0.5562699496166406
0.5464507827462717 0.5353980186245153
0.532526953318757 0.5281610475765485
0.5579593217177709 0.5456317462774293
0.5565964574706506 0.534383079459666
0.5591516153935214 0.513850311913645
0.5550855970914599 0.508750409601203
0.5553617472130139 0.4926017556576808
0.5662461994562836 0.5054168401195033
0.5714477590888418 0.5054604073878156
0.5717877864925034 0.4756962413139247
0.5659273428727418 0.4649685519974496
0.5629851828771607 0.45722467096508884
0.565278212526155 0.4464053245058903
0.5774121072762163 0.4677949387559703
0.576272229966923 0.4605675486752874
0.5814201042969416 0.439737358715788
0.5775795769760717 0.42825042878903247
0.5816311159904822 0.42114882702002604
0.5876928017943008 0.4466721369428098
0.5941162970185403 0.4334385960415048
0.5963213569501694 0.42392229107910473
0.594997630869559 0.4056026553814996
0.5938234262606975 0.39757417623459285
0.5935792514111218 0.374969483602
0.6038145892532067 0.46089439327461856
0.5995314995340677 0.4486464911452248
0.6072893643984775 0.40263117062141573
0.607461945899175 0.3895623683098017
0.6036023749813108 0.3846443136470862
0.6053037522605778 0.37948465117847957
0.5976011840574185 0.3557323875102622
0.6130122183591225 0.46707433240192414
0.6154318970880185 0.4592442618315088
0.6116381152443855 0.3871531373067163
0.6158484836641689 0.37048086243610273
0.6149073593917369 0.35201298455396407
0.6190502172848635 0.34969886292151364
0.6179741709805019 0.33679872262698346
0.6216463457175895 0.3166254042646625
0.6338336965244231 0.47700323151390767
0.6349669325779081 0.4710455993355915
0.6305765138107645 0.3619451685956961
0.6223182257527081 0.3506936485380244
0.6341481796303754 0.3342723703953168
0.6308945769824278 0.3206925910795027
0.6297241276314268 0.31665295065405813
0.6225166896330374 0.28978703682691914
0.6459425803274556 0.4912545755388798
0.6465696528276857 0.480971979833535
0.6445569864072566 0.33462263395606057
0.644161430537583 0.3272113361715727
0.6457167173783228 0.31421140215471477
0.6468483365346159 0.29378403470195535
0.6351764969418698 0.28965141890650303
0.6482866819601706 0.27408516012496165
0.6551367177689081 0.5227817789612094
0.6608955629067897 0.5057827839485568
0.656528819960209 0.49431776502430136
0.6578465261786312 0.3064673169770053
0.6433919649176268 0.2892148420542673
0.6487632684377913 0.28253766622684123
0.6538488444377442 0.2700797701478639
0.6518498998836878 0.2566101592402128
0.6564350884775446 0.24689382561787665
0.6737759143646337 0.5308170962340267
0.6642676131422272 0.5194723590606969
0.6717338970290139 0.49892234644022304
0.6689167951654861 0.2806008200818407
0.6652705679548897 0.2668932254759149
0.6673589881486788 0.2619789412577181
0.664424507096875 0.24280618586120217
0.6687058541449712 0.23914471475413923
0.6720022547070292 0.5401802577857631
0.6858606240156512 0.5289633728971137
0.6783904920941434 0.5224905520584582
0.6762920563702571 0.26417046400030775
0.682158871182183 0.2523574258225589
0.6803820805270469 0.25102060650629565
0.6851300409023451 0.23987113661502718
0.684229139016008 0.2243897936997746
0.6769436687790438 0.2071252774658038
0.6871126966323662 0.5617855813108515
0.6879289603272141 0.542701493607386
0.6875395730044492 0.526665209666736
0.6856769750659418 0.25265479175034755
0.690645252469642 0.25417437519682656
0.6905563124596137 0.23773895778364715
0.6959902378693459 0.22638628283953613
0.6902040826651408 0.20426950066875307
0.6866931237979947 0.1997498824974258
0.7044675230008938 0.5846003381569908
0.6992259771368738 0.5770023295709531
0.7078284714780197 0.5584291048141141
0.6993360814013361 0.23167523545425436
0.7064335238543111 0.2201453581185377
0.7059114452918447 0.2166911228026146
0.7060145774799289 0.201956813096631
0.7093485212772649 0.18506871851831927
0.7006689210312403 0.179955401587914
0.7167285830944209 0.5992892823485437
0.710069397927613 0.5767629047528804
0.7142982129217256 0.5675953052575611
0.7150282536191971 0.22335889537856682
0.7103762561993174 0.21132461335748565
0.7182757260737425 0.19147978261773177
0.7131268265621475 0.1833714241899728
0.7155425261659655 0.17128184702321728
0.7168808705506164 0.14975343005333955
0.7259046574531189 0.6179725555859488
0.7245653711624302 0.6073289508472496
0.7281211276065317 0.6047456741232714
0.7294385244096443 0.5833442555979439
0.7237187931343488 0.21064002114239203
0.7272864363206663 0.19721863605947335
0.7267366866907677 0.18777529332705595
0.7264497751415238 0.1748330449861207
0.7381163065189564 0.16944954977602886
0.7316153386917462 0.14781061214904642
0.7431071612515585 0.6389943628877827
0.7483899103185804 0.6304329162441266
0.7389392594554236 0.6175342125999229
0.741739899683648 0.6044229443790908
0.7351455700934914 0.5928049297359305
0.7492091442955419 0.19657268023548927
0.7392773145462983 0.18421478039172573
0.7385367834482174 0.17185252810491944
0.739824270038069 0.15842290279001478
0.741711589422856 0.15258915156231148
0.733792768175327 0.1351454165130955
0.7549901587904524 0.6567015512020198
0.7491822688940108 0.639366884844667
0.7442897645944818 0.6397359695082532
0.7462298989948396 0.6107641403771136
0.7516840585978356 0.6058703820087615
0.7579559570343238 0.17687408480962374
0.751475107142256 0.17182949641139109
0.7523146479160965 0.1600647682232364
0.7516526654981442 0.14492654198455002
0.7457101072744308 0.14262651388670516
0.7515115532169305 0.12196129494232746
0.7627140371820756 0.6794819766549395
0.7651209042405291 0.6707385739212621
0.758289246217291 0.6489819556447831
0.7637683826919786 0.6400304685364222
0.7622265435107931 0.6316648121573292
0.7684439705772118 0.6277994256993789
0.7638139307880749 0.1699380392325685
0.7767962865911093 0.1677908653733007
0.7733927860888152 0.13863985240933202
0.7635612116895131 0.13431259365223397
0.7637558276100916 0.12124795163667977
0.7718507729489817 0.10826696765705608
0.7726658869909502 0.705774297545354
0.7818463924942519 0.6895111377945908
0.776902581657188 0.6784779859705226
0.7810654353890086 0.6648599923783705
0.7883247659042393 0.6546187966861358
0.7777224890808568 0.6389463718755696
0.7806034976894293 0.15962492581453136
0.775134381090882 0.1477113766254731
0.7774070114896573 0.1292183832651859
0.784193775975051 0.13483708807905925
0.7758426615814482 0.12089828050302635
0.7728826303973019 0.09422873973802713
0.7867072882042155 0.73343379419459
0.790261454419284 0.7146673285313749
0.7943770304204629 0.6994245483649426
0.7958483991792017 0.6831690796811007
0.7946543969085164 0.6764623399970926
0.7860844345131666 0.6697271683902937
0.7954137156894627 0.6590864053621067
0.7846501418265637 0.1484671003144421
0.7944006588296265 0.1366417528997984
0.7905678730750151 0.12714881680970963
0.787841128498717 0.1111239573445965
0.7938540059973607 0.10136028356107338
0.7917552444552532 0.08203088483581772
0.8000209437722285 0.7571502941894002
0.8023439425908024 0.741105415338464
0.8050234725215163 0.7215746544843077
0.8060156335805106 0.7154710734519826
0.7995260658251384 0.7073374971299211
0.8048958286574921 0.6970173145028384
0.7953297202280085 0.6784054714174715
0.8003875994302337 0.6699772020943598
0.8054203904852251 0.13544629508965184
0.8076069809746512 0.12777537888827883
0.8076102276241528 0.11209272019656198
0.7976446384891884 0.09422420375738708
0.801220552072849 0.08972273286732221
0.8062421907213714 0.07368056779709022
0.808846139495656 0.7507137968646173
0.8121911516696747 0.7424474901129405
0.8211240490569417 0.724867485688331
0.8210201705869631 0.7138101678874401
0.8171140150133203 0.7076184573607843
0.8087546980203333 0.6844511421040201
0.8180064608081101 0.6789959809520777
0.8125889035599175 0.12256306564384672
0.8149632502406733 0.10766149395674302
0.8181786577244664 0.10014430267179612
0.8170522083086117 0.08567966540810021
0.8154796387183596 0.077058296388803
0.8130243347485981 0.05871549330693596
0.8276282141056489 0.7448930417602085
0.8297598328125784 0.7239710496295868
0.8258577393838518 0.7183830617387966
0.8299226226697443 0.7033384728652303
0.8329079172637169 0.6947453995114542
0.8295705687997257 0.10999632788625971
0.8277197450296415 0.10130359571622667
0.8324950079649841 0.07561974352461702
0.8332597495676759 0.07429664042864023
0.8269920007014345 0.06339489197254689
0.8269261833116416 0.053845619718564046
0.838691726771815 0.7283412792831675
0.8423999616309832 0.7162340415384064
0.8392165918087734 0.6977009456941665
0.8368380649979675 0.10940421051455797
0.8460231654460867 0.09692514644944818
0.8442120598964112 0.0832943066595089
0.8406271469186611 0.0725058296909125
0.8361851550447105 0.057224168744544585
0.8323918409310377 0.05058711730090007
0.8439907504789874 0.0375139938315015
0.8518860078377719 0.7246893862431402
0.8540074754612668 0.7181647178481229
0.8550651258583011 0.10190994913905546
0.8589911530926126 0.08113035851637451
0.8487924280832186 0.07628031627287532
0.8513470672678595 0.0650795802537865
0.8495977503958116 0.05164477730395667
0.8586673181604338 0.04129039226052106
0.8606481294994969 0.022038631201738886
0.8591034127642596 0.7214395840553891
0.8692673867413475 0.0882091820420594
0.8681894476724377 0.07898688491338318
0.8631809390437427 0.0673446684732749
0.8654045181866241 0.04371399735633695
0.8705935595826342 0.037230800960248785
0.8625684512585204 0.023090089779622562
0.8771586836603477 0.08621619789830015
0.8804576970557473 0.07736694913794465
0.8749132098801478 0.0639115290717118
0.8715277118682244 0.056409262986856806
0.8808856214047832 0.036589840618118284
0.873484089977394 0.01969913469863531
0.8804364596243455 0.009514271613055795
0.8877244144859328 0.07510665397766954
0.8869992068562204 0.062140197233808515
0.8888265354706592 0.04870272828600696
0.8941252009143096 0.041522846523242216
0.8905176181755188 0.024404891465743504
0.8880918194786616 0.01683865123880548
0.8982839580751669 0.059410384589453
0.8994673655917419 0.04864226340085551
0.904275510383697 0.0377312716413855
0.894717875023335 0.025585651462325273
0.9170831788818498 0.06242407748486067
0.9108162108952534 0.044021684658452895
0.9109535834591164 0.038641316615855
0.9167281163265734 0.025631004374915826
0.9260044200114724 0.05029404324510107
0.9284431388703231 0.03221006532350137
0.9422415120966564 0.04012681150095529
0.929374652133057 0.029791308330270924
0.9462662816652478 0.04459069028827152
0.964687330334926 0.03875590692967973
